[
[1319086800000,0],
[1319173200000,0],
[1319259600000,0],
[1319346000000,4.20485968515],
[1319432400000,1.99144465104],
[1319518800000,3.09715750068],
[1319605200000,8.83953472786],
[1319691600000,4.1412378028],
[1319778000000,8.47460728884],
[1319864400000,1.42036598735],
[1319950800000,0],
[1320037200000,0.165659783408],
[1320123600000,0.548969823867],
[1320210000000,2.70724740624],
[1320296400000,1.17617484927],
[1320382800000,17.1789685301],
[1320469200000,2.25007362664],
[1320555600000,1.39406616986],
[1320645600000,4.79940144718],
[1320732000000,11.1513574682],
[1320818400000,3.04519685172],
[1320904800000,15.8284916589],
[1320991200000,8.62473933585],
[1321077600000,2.64526458457],
[1321164000000,-1.38679346442],
[1321250400000,3.12211155053],
[1321336800000,27.508498501],
[1321423200000,2.07768413797],
[1321509600000,2.66536635906],
[1321596000000,3.21356706694],
[1321682400000,0.632216490805],
[1321768800000,0.0298086106777],
[1321855200000,-3.50789988786],
[1321941600000,-1.01527418196],
[1322028000000,-40.0554954177],
[1322114400000,-1.4292313545],
[1322200800000,4.69975049561],
[1322287200000,17.7789256461],
[1322373600000,-3.40090735257],
[1322460000000,35.6098615853],
[1322546400000,9.97701065987],
[1322632800000,2.69083212689],
[1322719200000,7.71153684519],
[1322805600000,-0.435249917209],
[1322892000000,0.313432842493],
[1322978400000,4.16196204349],
[1323064800000,8.57160734665],
[1323151200000,12.2115961928],
[1323237600000,12.5312446598],
[1323324000000,3.17901334167],
[1323410400000,-2.88028766867],
[1323496800000,1.11202345788],
[1323583200000,2.50316820294],
[1323669600000,1.22786286287],
[1323756000000,-32.3121418227],
[1323842400000,-5.15479717497],
[1323928800000,6.13229812402],
[1324015200000,10.7388449479],
[1324101600000,0.352941185236],
[1324188000000,-0.151515156031],
[1324274400000,4.44696766837],
[1324360800000,4.72928738408],
[1324447200000,7.21512444317],
[1324533600000,5.63644956797],
[1324620000000,-1.88804085739],
[1324706400000,1.38185220212],
[1324792800000,2.09138124436],
[1324879200000,0.996301521547],
[1324965600000,3.24980250187],
[1325052000000,10.9187509008],
[1325138400000,5.98780734278],
[1325224800000,2.12279053405],
[1325311200000,0.390307268128],
[1325397600000,2.62009467185],
[1325484000000,3.31936420128],
[1325570400000,3.82858106494],
[1325656800000,0.0520681887865],
[1325743200000,2.68997638673],
[1325829600000,7.68890599906],
[1325916000000,-0.0984743982553],
[1326002400000,2.36998271942],
[1326088800000,0.269553720951],
[1326175200000,4.36719530076],
[1326261600000,7.59811510518],
[1326348000000,1.73686971515],
[1326434400000,1.28227642085],
[1326520800000,1.23422192037],
[1326607200000,0.141414135695],
[1326693600000,1.85065170191],
[1326780000000,-3.30071478896],
[1326866400000,5.45920452476],
[1326952800000,3.83956004214],
[1327039200000,1.73212922737],
[1327125600000,0.428093653172],
[1327212000000,1.10002663545],
[1327298400000,36.1003603777],
[1327384800000,32.0370350452],
[1327471200000,20.3253133018],
[1327557600000,13.9957772382],
[1327644000000,5.11785519868],
[1327730400000,0.369457473978],
[1327816800000,5.05973564088],
[1327903200000,27.1751618795],
[1327989600000,-8.24655224197],
[1328076000000,-3.75167967565],
[1328162400000,16.7099325843],
[1328248800000,-5.44009639882],
[1328335200000,-1.4499954693],
[1328421600000,1.80583036691],
[1328508000000,5.39951540343],
[1328594400000,9.169477202],
[1328680800000,3.43811234087],
[1328767200000,1.24396224506],
[1328853600000,17.9348449409],
[1328940000000,-0.0926650445908],
[1329026400000,1.81058302335],
[1329112800000,17.8589182049],
[1329199200000,1.82184349559],
[1329285600000,2.62134635542],
[1329372000000,4.33437665645],
[1329458400000,10.7901018374],
[1329544800000,1.0877621565],
[1329631200000,0.118994668126],
[1329717600000,-0.475806444883],
[1329804000000,12.6596529689],
[1329890400000,3.52587539703],
[1329976800000,20.4298012257],
[1330063200000,3.09678851068],
[1330149600000,5.61284611374],
[1330236000000,9.20062355697],
[1330322400000,10.6750954911],
[1330408800000,7.96908362582],
[1330495200000,3.06291092373],
[1330581600000,5.52519355901],
[1330668000000,0.847979933023],
[1330754400000,0.542555987835],
[1330840800000,0.106382980943],
[1330927200000,2.78190587088],
[1331013600000,6.05762659013],
[1331100000000,12.556372039],
[1331186400000,1.54171736911],
[1331272800000,2.43915406242],
[1331359200000,-6.50048857182],
[1331445600000,-1.11709844973],
[1331528400000,5.74233139399],
[1331614800000,1.70632780343],
[1331701200000,2.62138233706],
[1331787600000,13.4324257616],
[1331874000000,16.5327573828],
[1331960400000,0],
[1332046800000,1.45048245043],
[1332133200000,0.0370328035206],
[1332219600000,6.86237222329],
[1332306000000,0.00637468136847],
[1332392400000,-1.49344337545],
[1332478800000,-0.672094039619],
[1332565200000,-2.29225090146],
[1332651600000,0.881347239017],
[1332738000000,5.19240508601],
[1332824400000,7.19643487409],
[1332910800000,5.02388220653],
[1332997200000,18.3050929569],
[1333083600000,6.2395307906],
[1333170000000,6.38041805103],
[1333256400000,0.404761910439],
[1333342800000,0.571253061295],
[1333429200000,3.77389065176],
[1333515600000,3.47227938473],
[1333602000000,1.36039581895],
[1333688400000,1.17244297266],
[1333774800000,0],
[1333861200000,1.45101300348],
[1333947600000,1.34728090093],
[1334034000000,2.26936286315],
[1334120400000,15.5991337746],
[1334206800000,20.4340754002],
[1334293200000,2.01017361507],
[1334379600000,1.78747937083],
[1334466000000,0],
[1334552400000,7.43776867166],
[1334638800000,2.59996108338],
[1334725200000,2.06215047091],
[1334811600000,-12.2225337652],
[1334898000000,6.17171219364],
[1334984400000,1.82668883726],
[1335070800000,0.201186060905],
[1335157200000,4.87948534451],
[1335243600000,3.91828963486],
[1335330000000,7.21409125626],
[1335416400000,20.7150991354],
[1335502800000,1.5589954406],
[1335589200000,0.37723916769],
[1335675600000,0.795622403733],
[1335762000000,4.61961666867],
[1335848400000,4.90279471991],
[1335934800000,9.39746727794],
[1336021200000,2.22915375233],
[1336107600000,3.44834345952],
[1336194000000,1.68435692787],
[1336280400000,1.86630757153],
[1336366800000,5.75315019861],
[1336453200000,12.4987335308],
[1336539600000,9.38521013036],
[1336626000000,2.2169828678],
[1336712400000,19.6665464994],
[1336798800000,0.262130724266],
[1336885200000,-0.678981970996],
[1336971600000,5.40719416924],
[1337058000000,-0.832165334374],
[1337144400000,6.12175711617],
[1337230800000,2.2405711785],
[1337317200000,0.175298202783],
[1337403600000,3.28059886396],
[1337490000000,-0.336542695761],
[1337576400000,3.07147506997],
[1337662800000,1.63651918527],
[1337749200000,-5.2526897043],
[1337835600000,6.37598343007],
[1337922000000,4.36174268275],
[1338008400000,0.664876274765],
[1338094800000,0.138745248318],
[1338181200000,1.68638805114],
[1338267600000,3.11766239535],
[1338354000000,9.59996452369],
[1338440400000,7.4612428965],
[1338526800000,12.9261380211],
[1338613200000,4.31405787054],
[1338699600000,1.00321803242],
[1338786000000,11.4685836136],
[1338872400000,17.7165839002],
[1338958800000,10.7275607036],
[1339045200000,17.9243004024],
[1339131600000,4.47510407865],
[1339218000000,1.52556842566],
[1339304400000,6.4999769628],
[1339390800000,10.8605770245],
[1339477200000,7.40934874862],
[1339563600000,25.1863351204],
[1339650000000,19.1818321291],
[1339736400000,3.9343285542],
[1339822800000,-0.10475808382],
[1339909200000,1.24782408401],
[1339995600000,22.6594535802],
[1340082000000,10.7386018969],
[1340168400000,10.7565280944],
[1340254800000,17.1881883927],
[1340341200000,4.98016213207],
[1340427600000,4.94186936133],
[1340514000000,0.754109987989],
[1340600400000,4.66956761479],
[1340686800000,12.7927210107],
[1340773200000,9.97854491323],
[1340859600000,5.62328707799],
[1340946000000,32.080911329],
[1341032400000,1.55166161805],
[1341118800000,3.22531204298],
[1341205200000,5.29339788854],
[1341291600000,15.98537606],
[1341378000000,7.01868795976],
[1341464400000,8.07223723456],
[1341550800000,7.69439189136],
[1341637200000,7.56454502232],
[1341723600000,1.19218167476],
[1341810000000,1.42105968203],
[1341896400000,16.4657502882],
[1341982800000,18.3502430804],
[1342069200000,9.83227351867],
[1342155600000,5.1622059755],
[1342242000000,0.257985591888],
[1342328400000,1.1733603254],
[1342414800000,2.9877724275],
[1342501200000,7.73113762774],
[1342587600000,23.2336389143],
[1342674000000,50.9404870886],
[1342760400000,7.6709894985],
[1342846800000,-0.0586672341451],
[1342933200000,0.471183493733],
[1343019600000,18.9920192491],
[1343106000000,16.0745347496],
[1343192400000,36.9433699455],
[1343278800000,48.7730998276],
[1343365200000,5.10144226253],
[1343451600000,2.25700086355],
[1343538000000,0.554779101163],
[1343624400000,15.8390041739],
[1343710800000,14.0124648549],
[1343797200000,13.1536052106],
[1343883600000,6.36467673071],
[1343970000000,42.941560002],
[1344056400000,3.86337149888],
[1344142800000,-0.732878215611],
[1344229200000,3.83563584462],
[1344315600000,7.24762944877],
[1344402000000,12.2804195685],
[1344488400000,5.00224860944],
[1344574800000,9.87601266988],
[1344661200000,1.15196162369],
[1344747600000,1.40903222561],
[1344834000000,22.819806993],
[1344920400000,10.0906420499],
[1345006800000,10.6676461417],
[1345093200000,4.25030418485],
[1345179600000,4.39118028991],
[1345266000000,1.61495840549],
[1345352400000,0.0256410259753],
[1345438800000,18.2269360851],
[1345525200000,0.216911125928],
[1345611600000,14.1589916162],
[1345698000000,7.56067794934],
[1345784400000,7.26807962358],
[1345870800000,-0.191809244454],
[1345957200000,0.577378848568],
[1346043600000,23.4527866617],
[1346130000000,16.9076314094],
[1346216400000,20.2029993758],
[1346302800000,4.52751808148],
[1346389200000,6.26113621145],
[1346475600000,8.28922091052],
[1346562000000,1.99440313969],
[1346648400000,8.40500681754],
[1346734800000,12.9404468164],
[1346821200000,11.0017647259],
[1346907600000,9.99011666793],
[1346994000000,21.5301617477],
[1347080400000,0.325811974704],
[1347166800000,0.490377634764],
[1347253200000,29.8606596291],
[1347339600000,23.0881009474],
[1347426000000,7.42500813864],
[1347512400000,13.9486219995],
[1347598800000,13.1965174302],
[1347685200000,3.5756111443],
[1347771600000,2.63548284769],
[1347858000000,8.3675041711],
[1347944400000,10.6927818544],
[1348030800000,8.61577102169],
[1348117200000,13.1458268072],
[1348203600000,-1.72024388053],
[1348290000000,-6.40574931353],
[1348376400000,-49.5681566792],
[1348462800000,0.311890498735],
[1348549200000,15.266447613],
[1348635600000,4.19427194446],
[1348722000000,42.5296555902],
[1348808400000,12.2410049848],
[1348894800000,0.229970782995],
[1348981200000,0.148847160861],
[1349067600000,27.3747862801],
[1349154000000,25.8810046911],
[1349240400000,8.6588200964],
[1349326800000,27.3447406376],
[1349413200000,2.38273747638],
[1349499600000,1.49285419285],
[1349586000000,0.961120381951],
[1349672400000,40.5451603984],
[1349758800000,12.7040180005],
[1349845200000,16.5458801463],
[1349931600000,38.1576032871],
[1350018000000,14.7767221592],
[1350104400000,1.06400293857],
[1350190800000,-0.454496041872],
[1350277200000,3.67353360727],
[1350363600000,11.4037257042],
[1350450000000,18.5500180796],
[1350536400000,31.46316199],
[1350622800000,16.2905530147],
[1350709200000,13.1607116051],
[1350795600000,3.09544247016],
[1350882000000,34.9163642908],
[1350968400000,18.1041347496],
[1351054800000,34.6645226441],
[1351141200000,19.2815130688],
[1351227600000,13.5216696821],
[1351314000000,1.25137429684],
[1351400400000,1.20373393595],
[1351486800000,6.37599022593],
[1351573200000,4.35771330073],
[1351659600000,13.9940748885],
[1351746000000,5.4784571901],
[1351832400000,-0.523959511891],
[1351918800000,0.964690089226],
[1352005200000,15.9127326948],
[1352095200000,11.298776885],
[1352181600000,18.7202541046],
[1352268000000,13.577740985],
[1352354400000,52.6628390392],
[1352440800000,18.4349307381],
[1352527200000,-1.55888859928],
[1352613600000,6.55939846113],
[1352700000000,3.96550306492],
[1352786400000,18.2653070707],
[1352872800000,9.04044018965],
[1352959200000,24.3056578189],
[1353045600000,23.5775307054],
[1353132000000,7.71753840521],
[1353218400000,1.37986471504],
[1353304800000,37.0223641992],
[1353391200000,22.6293144217],
[1353477600000,11.5431880783],
[1353564000000,4.42814810202],
[1353650400000,5.26691903733],
[1353736800000,5.43219487369],
[1353823200000,28.3534686621],
[1353909600000,35.7005716264],
[1353996000000,19.7035983801],
[1354082400000,75.3811849034],
[1354168800000,63.8998000547],
[1354255200000,41.4186537284],
[1354341600000,8.41964633763],
[1354428000000,2.35918550566],
[1354514400000,64.0299581289],
[1354600800000,38.9829426631],
[1354687200000,11.612173235],
[1354773600000,15.1859052572],
[1354860000000,10.1187385861],
[1354946400000,3.66173388436],
[1355032800000,3.94747739285],
[1355119200000,25.4265902527],
[1355205600000,18.3555230629],
[1355292000000,29.5921741293],
[1355378400000,14.2042540796],
[1355464800000,3.42047455348],
[1355551200000,5.80850854516],
[1355637600000,1.99300144613],
[1355724000000,97.0216326108],
[1355810400000,5.81161418557],
[1355896800000,18.0254407618],
[1355983200000,19.134864945],
[1356069600000,13.5806303229],
[1356156000000,3.62205580249],
[1356242400000,4.07006367994],
[1356328800000,9.93921397626],
[1356415200000,1.54227497429],
[1356501600000,1.83527479507],
[1356588000000,5.75270692259],
[1356674400000,16.340556249],
[1356760800000,2.44392485917],
[1356847200000,1.96263810992],
[1356933600000,7.44329028204],
[1357020000000,-0.0215827338398],
[1357106400000,3.83545510098],
[1357192800000,6.15080980305],
[1357279200000,3.45854024775],
[1357365600000,-2.16297893226],
[1357452000000,0.0668502449989],
[1357538400000,3.11416165903],
[1357624800000,-0.357040420175],
[1357711200000,3.15502632037],
[1357797600000,7.21141825244],
[1357884000000,14.9169591907],
[1357970400000,4.97920536622],
[1358056800000,2.33510708809],
[1358143200000,2.44209927693],
[1358229600000,4.09162216727],
[1358316000000,9.78728958964],
[1358402400000,5.32134133577],
[1358488800000,4.56649638712],
[1358575200000,1.19056055695],
[1358661600000,2.47632353753],
[1358748000000,-9.82846665708],
[1358834400000,6.01814431697],
[1358920800000,0.88422698155],
[1359007200000,20.5219860403],
[1359093600000,11.0340046138],
[1359180000000,1.73408916593],
[1359266400000,3.02251010109],
[1359352800000,8.49200636148],
[1359439200000,22.528642077],
[1359525600000,7.88367936667],
[1359612000000,9.58876670897],
[1359698400000,9.50411723554],
[1359784800000,1.3235449791],
[1359871200000,3.06723559648],
[1359957600000,2.77395391464],
[1360044000000,8.34299536049],
[1360130400000,7.43027092889],
[1360216800000,5.3675472145],
[1360303200000,9.32250507548],
[1360389600000,5.03505119681],
[1360476000000,5.28441663459],
[1360562400000,10.5177218206],
[1360648800000,26.2214092538],
[1360735200000,15.231792266],
[1360821600000,5.98364063539],
[1360908000000,14.8539827242],
[1360994400000,-1.90071377344],
[1361080800000,0.505350792781],
[1361167200000,1.26302332059],
[1361253600000,5.37609511241],
[1361340000000,1.85405136645],
[1361426400000,7.33910900354],
[1361512800000,17.2887741812],
[1361599200000,4.28632341325],
[1361685600000,-3.2212025132],
[1361772000000,9.05606912635],
[1361858400000,5.34776394069],
[1361944800000,7.55603053421],
[1362031200000,5.57546112686]
]