[
[1319086800000,0],
[1319173200000,0],
[1319259600000,0],
[1319346000000,1.0018209368],
[1319432400000,3.00224001706],
[1319518800000,6.99359472096],
[1319605200000,1.75902329385],
[1319691600000,1.80011131987],
[1319778000000,0.493072289973],
[1319864400000,0.583463016897],
[1319950800000,0],
[1320037200000,5.57928417344],
[1320123600000,0.691059269942],
[1320210000000,0.261599697173],
[1320296400000,0.278461929411],
[1320382800000,23.7092892863],
[1320469200000,0.765656985343],
[1320555600000,-3.35237044096],
[1320645600000,-3.18208577111],
[1320732000000,-0.339995123446],
[1320818400000,3.43439392],
[1320904800000,0.471471475437],
[1320991200000,2.02389092743],
[1321077600000,0.533656060696],
[1321164000000,0],
[1321250400000,2.57259181887],
[1321336800000,2.83142109215],
[1321423200000,-1.89282049518],
[1321509600000,1.39120387286],
[1321596000000,3.97601251677],
[1321682400000,2.12949922401],
[1321768800000,-0.361013628542],
[1321855200000,4.20603251271],
[1321941600000,3.03955244273],
[1322028000000,2.19750422705],
[1322114400000,1.74461284652],
[1322200800000,1.13478954509],
[1322287200000,-0.110935911536],
[1322373600000,0.560890309513],
[1322460000000,3.34619515203],
[1322546400000,7.43263250217],
[1322632800000,2.93536622822],
[1322719200000,1.19250248745],
[1322805600000,7.53399301693],
[1322892000000,0.624338626862],
[1322978400000,-2.7108476162],
[1323064800000,3.48942824267],
[1323151200000,-0.402699254453],
[1323237600000,0.343101345003],
[1323324000000,1.39748315513],
[1323410400000,3.54237794131],
[1323496800000,1.80774253607],
[1323583200000,-1.15809357166],
[1323669600000,0.0635838136077],
[1323756000000,0.756636455655],
[1323842400000,0.257508181036],
[1323928800000,2.26307845861],
[1324015200000,-0.857329890132],
[1324101600000,1.12758101523],
[1324188000000,-0.20000000298],
[1324274400000,0.812567703426],
[1324360800000,0.950507126749],
[1324447200000,2.57959598303],
[1324533600000,-1.71057646815],
[1324620000000,1.3135606274],
[1324706400000,0.323308259249],
[1324792800000,0.226277366281],
[1324879200000,1.02458421141],
[1324965600000,3.32210906968],
[1325052000000,0.963582295924],
[1325138400000,0.251122901216],
[1325224800000,3.69208891317],
[1325311200000,0.743047097698],
[1325397600000,-0.37013422139],
[1325484000000,2.13210266083],
[1325570400000,-2.17431435734],
[1325656800000,1.20882683992],
[1325743200000,0.683214607649],
[1325829600000,0.550656050444],
[1325916000000,0.475838568062],
[1326002400000,0.11954022944],
[1326088800000,7.84102786705],
[1326175200000,1.21201204509],
[1326261600000,1.06486919709],
[1326348000000,1.57869307697],
[1326434400000,3.01478295773],
[1326520800000,0.0730835683644],
[1326607200000,-0.0292110294104],
[1326693600000,1.92111432552],
[1326780000000,3.68584779277],
[1326866400000,0.849736407399],
[1326952800000,12.6205424285],
[1327039200000,3.11432368308],
[1327125600000,0.598092697561],
[1327212000000,0.370378047228],
[1327298400000,0.810574371368],
[1327384800000,0.0627998826094],
[1327471200000,3.21755926311],
[1327557600000,0.94785965234],
[1327644000000,1.33013106138],
[1327730400000,0.0205198358744],
[1327816800000,0.285539291799],
[1327903200000,0.250237910077],
[1327989600000,0.21500505507],
[1328076000000,0.313576713204],
[1328162400000,3.95550793037],
[1328248800000,0.928778506815],
[1328335200000,1.37247566134],
[1328421600000,0.370000004768],
[1328508000000,1.07212692499],
[1328594400000,2.61399636418],
[1328680800000,1.34942769818],
[1328767200000,0.598994493484],
[1328853600000,0.943106293678],
[1328940000000,0.355102032423],
[1329026400000,-0.148148164153],
[1329112800000,2.09436818957],
[1329199200000,-0.811773136258],
[1329285600000,5.91967101954],
[1329372000000,1.51233032718],
[1329458400000,2.93303222209],
[1329544800000,1.0303030014],
[1329631200000,0.980780789629],
[1329717600000,7.052087605],
[1329804000000,12.124555639],
[1329890400000,4.78886595741],
[1329976800000,2.49593333155],
[1330063200000,1.2624842301],
[1330149600000,1.90402021026],
[1330236000000,2.45113378763],
[1330322400000,1.92775835842],
[1330408800000,0.276688836515],
[1330495200000,3.5100598298],
[1330581600000,7.26134458184],
[1330668000000,9.34663139656],
[1330754400000,-0.0880580507219],
[1330840800000,-0.472359441221],
[1330927200000,1.74320260622],
[1331013600000,1.80613186024],
[1331100000000,32.9277660148],
[1331186400000,24.0927742533],
[1331272800000,1.32005637884],
[1331359200000,0.443009506911],
[1331445600000,0.096720635891],
[1331528400000,-4.25316471979],
[1331614800000,2.71750799939],
[1331701200000,8.04828202911],
[1331787600000,5.3985337615],
[1331874000000,2.06515821442],
[1331960400000,0.0850549452007],
[1332046800000,0.0943396240473],
[1332133200000,12.0715254284],
[1332219600000,0.661896802485],
[1332306000000,-0.336746603251],
[1332392400000,11.4409280655],
[1332478800000,4.56803600024],
[1332565200000,-0.372328333557],
[1332651600000,0.952816331759],
[1332738000000,-0.246419142466],
[1332824400000,1.53999720421],
[1332910800000,4.01695129182],
[1332997200000,1.45165789593],
[1333083600000,12.6753678173],
[1333170000000,1.10645265132],
[1333256400000,0.0384806394577],
[1333342800000,0.73193918122],
[1333429200000,3.32832096703],
[1333515600000,1.9550543353],
[1333602000000,2.90665433928],
[1333688400000,0.310723189265],
[1333774800000,1.29132949933],
[1333861200000,-2.08113420499],
[1333947600000,0.894281722605],
[1334034000000,3.71143443231],
[1334120400000,2.63930641115],
[1334206800000,5.35158664547],
[1334293200000,1.20385988057],
[1334379600000,11.6644073352],
[1334466000000,-0.144619517028],
[1334552400000,3.60877811909],
[1334638800000,1.20240848698],
[1334725200000,4.97489164025],
[1334811600000,-0.986213468015],
[1334898000000,2.88857631385],
[1334984400000,1.07028985023],
[1335070800000,-0.0133251771331],
[1335157200000,5.36736040562],
[1335243600000,1.95493285358],
[1335330000000,1.4870383814],
[1335416400000,0.644781798124],
[1335502800000,0.616402519401],
[1335589200000,0.975468963385],
[1335675600000,-3.1762939766],
[1335762000000,-9.12466062047],
[1335848400000,1.54678237159],
[1335934800000,-0.750399060547],
[1336021200000,8.97932204232],
[1336107600000,2.02755810507],
[1336194000000,1.37678442523],
[1336280400000,1.60396045446],
[1336366800000,2.4909620937],
[1336453200000,2.37066019326],
[1336539600000,-0.0528769046068],
[1336626000000,2.1592842713],
[1336712400000,2.18691572919],
[1336798800000,-0.888186123222],
[1336885200000,0.336452562362],
[1336971600000,2.30590294302],
[1337058000000,1.76124868076],
[1337144400000,-0.94933533296],
[1337230800000,-0.892808262259],
[1337317200000,7.34742300492],
[1337403600000,0.395406149328],
[1337490000000,0.585515096784],
[1337576400000,1.19375017285],
[1337662800000,0.461982302368],
[1337749200000,-21.8000178644],
[1337835600000,16.1610305421],
[1337922000000,1.40171846747],
[1338008400000,-0.341071428731],
[1338094800000,0.560081213713],
[1338181200000,1.03261066228],
[1338267600000,0.431471116841],
[1338354000000,1.48891375214],
[1338440400000,2.37809152156],
[1338526800000,-0.00417623575777],
[1338613200000,0.321339949965],
[1338699600000,1.56401949003],
[1338786000000,1.14762125164],
[1338872400000,7.41174964234],
[1338958800000,4.24598528445],
[1339045200000,4.43538461998],
[1339131600000,18.4748360906],
[1339218000000,6.17435324099],
[1339304400000,3.94886221364],
[1339390800000,0.581238824874],
[1339477200000,4.52041522879],
[1339563600000,3.21145147458],
[1339650000000,2.16140580922],
[1339736400000,5.13724330813],
[1339822800000,0.136999920011],
[1339909200000,0.5],
[1339995600000,-17.0707193925],
[1340082000000,-39.1246807193],
[1340168400000,10.4710584693],
[1340254800000,16.2838681079],
[1340341200000,21.6185568348],
[1340427600000,-1.36699397862],
[1340514000000,1.27601950336],
[1340600400000,5.78717025742],
[1340686800000,5.06286403537],
[1340773200000,8.28165476257],
[1340859600000,1.83446527272],
[1340946000000,7.80839950591],
[1341032400000,0.455674305558],
[1341118800000,2.53936589044],
[1341205200000,8.59164971719],
[1341291600000,-0.416493071243],
[1341378000000,2.93415135331],
[1341464400000,10.5285326894],
[1341550800000,9.62435051426],
[1341637200000,1.27348206937],
[1341723600000,2.58838495985],
[1341810000000,6.68657955807],
[1341896400000,3.19054218475],
[1341982800000,3.44896010496],
[1342069200000,4.2638657908],
[1342155600000,4.00838208385],
[1342242000000,22.560442985],
[1342328400000,21.8828055207],
[1342414800000,11.0371496687],
[1342501200000,3.5258744508],
[1342587600000,10.280216434],
[1342674000000,28.0604591779],
[1342760400000,11.2634125659],
[1342846800000,1.33201793209],
[1342933200000,2.75998491608],
[1343019600000,12.6828645756],
[1343106000000,-4.50070468709],
[1343192400000,8.76214123704],
[1343278800000,5.10943680536],
[1343365200000,4.62166566891],
[1343451600000,5.76832753047],
[1343538000000,5.77079662681],
[1343624400000,6.68825336359],
[1343710800000,-0.178391553462],
[1343797200000,21.6840372011],
[1343883600000,31.2960351091],
[1343970000000,1.06320190243],
[1344056400000,9.68920595339],
[1344142800000,6.93648083881],
[1344229200000,8.77693273127],
[1344315600000,11.44300217],
[1344402000000,7.35528699681],
[1344488400000,6.3773540929],
[1344574800000,7.12863592803],
[1344661200000,8.02671381831],
[1344747600000,5.04039136693],
[1344834000000,12.4553773021],
[1344920400000,7.64459747588],
[1345006800000,6.40268287808],
[1345093200000,6.39804248698],
[1345179600000,8.30473098299],
[1345266000000,7.10548577458],
[1345352400000,0.797229088843],
[1345438800000,3.73007363454],
[1345525200000,6.48174776882],
[1345611600000,0.81702022627],
[1345698000000,1.42641050369],
[1345784400000,1.11267551873],
[1345870800000,-0.536094851792],
[1345957200000,1.21767506003],
[1346043600000,2.54127717763],
[1346130000000,0.720437534153],
[1346216400000,4.77130296733],
[1346302800000,3.53507608175],
[1346389200000,1.20141625963],
[1346475600000,-0.102507375181],
[1346562000000,3.40962764621],
[1346648400000,5.37691456452],
[1346734800000,1.58169845864],
[1346821200000,7.81326562259],
[1346907600000,-0.080933926627],
[1346994000000,1.61272203922],
[1347080400000,0.940198926255],
[1347166800000,1.21324948967],
[1347253200000,1.36892943829],
[1347339600000,5.10879253596],
[1347426000000,4.76756171882],
[1347512400000,4.71855030581],
[1347598800000,4.90033615753],
[1347685200000,3.66413344443],
[1347771600000,4.63096411899],
[1347858000000,5.48176675662],
[1347944400000,-0.0317536219954],
[1348030800000,-0.489204360172],
[1348117200000,4.68124771537],
[1348203600000,11.3991837595],
[1348290000000,0.766983968206],
[1348376400000,0.220060797408],
[1348462800000,1.93766367249],
[1348549200000,1.12371128984],
[1348635600000,1.87970749475],
[1348722000000,2.10563410819],
[1348808400000,-7.58293377236],
[1348894800000,0.67793212831],
[1348981200000,0.323809534311],
[1349067600000,0.512628525496],
[1349154000000,0.883003279567],
[1349240400000,6.15818178141],
[1349326800000,1.7111476101],
[1349413200000,-0.404154956341],
[1349499600000,-0.213771358132],
[1349586000000,0.347854241729],
[1349672400000,-0.613541267812],
[1349758800000,0.460216909647],
[1349845200000,1.32447345927],
[1349931600000,1.6387507394],
[1350018000000,12.9322656691],
[1350104400000,2.62722106092],
[1350190800000,0.512423192151],
[1350277200000,0.179888047278],
[1350363600000,19.5368473651],
[1350450000000,8.45180422813],
[1350536400000,2.71236302704],
[1350622800000,3.75230826624],
[1350709200000,2.57138779014],
[1350795600000,0.556964855641],
[1350882000000,0.178243372589],
[1350968400000,-2.22397615388],
[1351054800000,0.679659709334],
[1351141200000,1.96651963145],
[1351227600000,20.2922204901],
[1351314000000,2.25572131202],
[1351400400000,-0.117660447955],
[1351486800000,-0.284073024057],
[1351573200000,-0.201604074799],
[1351659600000,0.735820393078],
[1351746000000,1.68223956507],
[1351832400000,2.78159411252],
[1351918800000,0.0671093761921],
[1352005200000,0.391304343939],
[1352095200000,0.884041201323],
[1352181600000,2.02225486934],
[1352268000000,-0.187964268029],
[1352354400000,36.0489660306],
[1352440800000,5.73387444764],
[1352527200000,-0.149537585676],
[1352613600000,0.123333334923],
[1352700000000,6.94847999513],
[1352786400000,4.78115401603],
[1352872800000,5.32805778552],
[1352959200000,2.2528369911],
[1353045600000,6.8200664036],
[1353132000000,-0.0438670143485],
[1353218400000,0.0179640725255],
[1353304800000,2.37976561114],
[1353391200000,-0.281576132402],
[1353477600000,6.15034008399],
[1353564000000,0.991626735777],
[1353650400000,3.0405292979],
[1353736800000,1.25613439269],
[1353823200000,0.868679106236],
[1353909600000,3.09516961128],
[1353996000000,1.94387008622],
[1354082400000,4.70903707389],
[1354168800000,2.72234389558],
[1354255200000,1.90368896723],
[1354341600000,5.14200033434],
[1354428000000,0.136094674468],
[1354514400000,-0.46849373728],
[1354600800000,12.6611962598],
[1354687200000,2.02281546593],
[1354773600000,1.57529695518],
[1354860000000,1.76442226209],
[1354946400000,1.0152072683],
[1355032800000,0.32500000298],
[1355119200000,9.21126544476],
[1355205600000,1.6175492052],
[1355292000000,2.85315019451],
[1355378400000,0.230776876211],
[1355464800000,-1.10343069956],
[1355551200000,4.02217949275],
[1355637600000,1.37927877903],
[1355724000000,1.05465252139],
[1355810400000,3.14533627406],
[1355896800000,1.16495334357],
[1355983200000,2.62406822201],
[1356069600000,6.60450446606],
[1356156000000,1.34937030077],
[1356242400000,-0.106382980943],
[1356328800000,0.509424954653],
[1356415200000,0.297297298908],
[1356501600000,3.70005074888],
[1356588000000,5.49839139171],
[1356674400000,1.65155719221],
[1356760800000,1.92399416119],
[1356847200000,0],
[1356933600000,-0.0228270441294],
[1357020000000,1.76271490008],
[1357106400000,2.49921746738],
[1357192800000,3.26258984837],
[1357279200000,0.71076259017],
[1357365600000,0.234042555094],
[1357452000000,0.139534890652],
[1357538400000,1.99185839668],
[1357624800000,0.214285716414],
[1357711200000,0.876830632798],
[1357797600000,2.21614417434],
[1357884000000,4.23649822921],
[1357970400000,1.45144376159],
[1358056800000,0.887234658003],
[1358143200000,2.1719199419],
[1358229600000,-0.151937685907],
[1358316000000,3.48390776105],
[1358402400000,3.3008416323],
[1358488800000,0.313682115637],
[1358575200000,-0.151515156031],
[1358661600000,-5.25333909178],
[1358748000000,0.658478137106],
[1358834400000,-0.228079747409],
[1358920800000,0.625322150066],
[1359007200000,1.28012059256],
[1359093600000,2.71262991556],
[1359180000000,0.89765137434],
[1359266400000,0.216165874153],
[1359352800000,0.449775829911],
[1359439200000,1.02996253595],
[1359525600000,3.93554519862],
[1359612000000,1.61829512566],
[1359698400000,0.438978502527],
[1359784800000,0.348238489591],
[1359871200000,2.8667751099],
[1359957600000,0.683147039264],
[1360044000000,0.739102225751],
[1360130400000,2.81891485304],
[1360216800000,1.11028632941],
[1360303200000,2.34380399436],
[1360389600000,0.167027963325],
[1360476000000,0.252749159466],
[1360562400000,2.04985721409],
[1360648800000,-2.79631339945],
[1360735200000,4.20047115535],
[1360821600000,9.8267377913],
[1360908000000,-8.01828884427],
[1360994400000,0.378983238712],
[1361080800000,4.78774532676],
[1361167200000,2.87259070389],
[1361253600000,1.70837492123],
[1361340000000,4.13313816488],
[1361426400000,1.13938750327],
[1361512800000,3.21541448124],
[1361599200000,0.121145054698],
[1361685600000,-0.499895684421],
[1361772000000,0.515222222544],
[1361858400000,2.66659013182],
[1361944800000,-2.89982116967],
[1362031200000,-3.16667628288]
]
