[
[1319086800000,0],
[1319173200000,0],
[1319259600000,0.130434781313],
[1319346000000,1.57211974263],
[1319432400000,1.34052668791],
[1319518800000,1.04058498517],
[1319605200000,-0.0190352648497],
[1319691600000,7.59789404832],
[1319778000000,1.28993594646],
[1319864400000,1.38800907135],
[1319950800000,0.898598685861],
[1320037200000,1.62831687182],
[1320123600000,-0.431989088655],
[1320210000000,0.980110302567],
[1320296400000,0.475352483802],
[1320382800000,0.527568928897],
[1320469200000,0.0668202638626],
[1320555600000,1.35386187583],
[1320645600000,-1.43375116028],
[1320732000000,1.74113473855],
[1320818400000,-0.528889383189],
[1320904800000,1.89513658546],
[1320991200000,19.1207816452],
[1321077600000,0.772727280855],
[1321164000000,1.57454546541],
[1321250400000,5.62686713785],
[1321336800000,10.0701073855],
[1321423200000,0.405985876918],
[1321509600000,0.798950534314],
[1321596000000,0.52758910507],
[1321682400000,1.0],
[1321768800000,0.747267909348],
[1321855200000,1.84112760425],
[1321941600000,1.48291195184],
[1322028000000,2.06472547352],
[1322114400000,-3.0609704107],
[1322200800000,0.192230932415],
[1322287200000,1.26054832712],
[1322373600000,-0.0612244904041],
[1322460000000,0.150852477178],
[1322546400000,1.32488115504],
[1322632800000,0.0263470932841],
[1322719200000,0.233718495816],
[1322805600000,-2.0986690931],
[1322892000000,0.282051295042],
[1322978400000,0.234782606363],
[1323064800000,0.194540263154],
[1323151200000,-0.0920978710055],
[1323237600000,-0.142292499542],
[1323324000000,1.80328968912],
[1323410400000,0.271589314565],
[1323496800000,-0.231290742755],
[1323583200000,-0.142857149243],
[1323669600000,-0.581082377583],
[1323756000000,0.229390630499],
[1323842400000,1.6678541936],
[1323928800000,-0.914757855237],
[1324015200000,0.664720535278],
[1324101600000,0.50609433651],
[1324188000000,0.308353811502],
[1324274400000,-0.144306823611],
[1324360800000,0.623705457896],
[1324447200000,0.543384913355],
[1324533600000,3.42745140195],
[1324620000000,1.10823753476],
[1324706400000,0],
[1324792800000,-1.23821264505],
[1324879200000,0],
[1324965600000,1.7282961905],
[1325052000000,0.259512189776],
[1325138400000,0],
[1325224800000,2.37464201078],
[1325311200000,0.34375],
[1325397600000,-0.0442477874458],
[1325484000000,-0.428063889034],
[1325570400000,2.76006168127],
[1325656800000,2.04724042118],
[1325743200000,1.24089758098],
[1325829600000,0.0935157388449],
[1325916000000,0],
[1326002400000,0.177419349551],
[1326088800000,0.717241361737],
[1326175200000,1.07862764597],
[1326261600000,-0.373994737864],
[1326348000000,0.520082380623],
[1326434400000,0.517861038446],
[1326520800000,1.1190591827],
[1326607200000,0],
[1326693600000,0.436973519623],
[1326780000000,2.54884075373],
[1326866400000,0.498774215579],
[1326952800000,1.12562577054],
[1327039200000,0.620678037405],
[1327125600000,1.02288257331],
[1327212000000,0.32049125433],
[1327298400000,0.832343235612],
[1327384800000,2.71903191227],
[1327471200000,8.13138791453],
[1327557600000,0.755488291383],
[1327644000000,0.446987479925],
[1327730400000,0],
[1327816800000,-0.161290317774],
[1327903200000,3.95614762232],
[1327989600000,2.04651165009],
[1328076000000,1.75937819481],
[1328162400000,1.18392382003],
[1328248800000,1.67842686549],
[1328335200000,0.600000008941],
[1328421600000,0.14999999851],
[1328508000000,0.535170868039],
[1328594400000,2.75694237649],
[1328680800000,4.78780312464],
[1328767200000,4.17513802648],
[1328853600000,3.625],
[1328940000000,2.69552831259],
[1329026400000,3.82510759681],
[1329112800000,1.70711167995],
[1329199200000,8.54133276269],
[1329285600000,7.70504146814],
[1329372000000,-6.94280972984],
[1329458400000,0.777777791023],
[1329544800000,0],
[1329631200000,-0.0983103066683],
[1329717600000,0.216452255845],
[1329804000000,1.50476191565],
[1329890400000,14.5968039986],
[1329976800000,15.3740469981],
[1330063200000,6.99243316054],
[1330149600000,0],
[1330236000000,0.19932718575],
[1330322400000,1.8754077442],
[1330408800000,0.207207202911],
[1330495200000,6.35999983549],
[1330581600000,3.98246686161],
[1330668000000,-0.165126003325],
[1330754400000,1.71428573132],
[1330840800000,1.38492229581],
[1330927200000,6.2392344363],
[1331013600000,2.67944260035],
[1331100000000,7.23033779487],
[1331186400000,3.21332161082],
[1331272800000,2.53529915586],
[1331359200000,0.772051289678],
[1331445600000,-1.52955031395],
[1331528400000,0.753787983209],
[1331614800000,5.90353611112],
[1331701200000,2.04055443034],
[1331787600000,0.838504225947],
[1331874000000,2.53239857405],
[1331960400000,-0.085664331913],
[1332046800000,0.168368771672],
[1332133200000,2.18043433316],
[1332219600000,2.03131803125],
[1332306000000,0.820023560897],
[1332392400000,0.479712456465],
[1332478800000,1.17831502855],
[1332565200000,-0.0822767587379],
[1332651600000,1.12005117163],
[1332738000000,1.41045993567],
[1332824400000,2.8324915655],
[1332910800000,2.54733490944],
[1332997200000,6.30802168697],
[1333083600000,0.61547973752],
[1333170000000,-0.22074951604],
[1333256400000,-0.43360757269],
[1333342800000,13.0468922369],
[1333429200000,4.91442340985],
[1333515600000,3.92161830328],
[1333602000000,4.13166016806],
[1333688400000,-0.119999997318],
[1333774800000,0.823234975338],
[1333861200000,-0.48739496246],
[1333947600000,0.937361739576],
[1334034000000,0.837897233665],
[1334120400000,2.14068728872],
[1334206800000,0.736899629235],
[1334293200000,0.372252751142],
[1334379600000,0.238723127171],
[1334466000000,0.279661029577],
[1334552400000,3.41653124988],
[1334638800000,19.6849817466],
[1334725200000,3.87806610018],
[1334811600000,7.62178613245],
[1334898000000,0.65869218111],
[1334984400000,-0.280242882669],
[1335070800000,-0.222222231328],
[1335157200000,-0.344774186611],
[1335243600000,2.55524129421],
[1335330000000,7.10552125052],
[1335416400000,11.4378760699],
[1335502800000,2.73433983605],
[1335589200000,-0.0249140430242],
[1335675600000,0.829175902531],
[1335762000000,0.584799668752],
[1335848400000,2.25901722908],
[1335934800000,1.31953348219],
[1336021200000,5.01634891331],
[1336107600000,0.70276635699],
[1336194000000,3.04000493139],
[1336280400000,2.08775065094],
[1336366800000,1.9058849141],
[1336453200000,0],
[1336539600000,14.6212203614],
[1336626000000,3.00272135437],
[1336712400000,1.37733231485],
[1336798800000,1.58949388564],
[1336885200000,1.57305016555],
[1336971600000,1.7441296],
[1337058000000,5.37330732308],
[1337144400000,6.44166747201],
[1337230800000,6.7770004496],
[1337317200000,24.7556592813],
[1337403600000,42.8043205217],
[1337490000000,17.8519845959],
[1337576400000,9.45132622123],
[1337662800000,1.93111574091],
[1337749200000,0.959273949265],
[1337835600000,2.8600043226],
[1337922000000,1.48236132413],
[1338008400000,1.52988536656],
[1338094800000,0.0909090936184],
[1338181200000,0.0916196554899],
[1338267600000,0.435643758625],
[1338354000000,0.908479155973],
[1338440400000,3.30460688844],
[1338526800000,1.76497358829],
[1338613200000,0.852900594473],
[1338699600000,0.166666671634],
[1338786000000,0.364514168352],
[1338872400000,5.12161319144],
[1338958800000,1.96758277714],
[1339045200000,3.51317620277],
[1339131600000,2.30388255417],
[1339218000000,0.335500448942],
[1339304400000,0.193855214864],
[1339390800000,2.56924390793],
[1339477200000,4.45513512194],
[1339563600000,10.5272667259],
[1339650000000,1.29384166002],
[1339736400000,0.142857149243],
[1339822800000,0.246753245592],
[1339909200000,0.647046644241],
[1339995600000,0.162046030164],
[1340082000000,2.71347605437],
[1340168400000,2.35906637833],
[1340254800000,1.19373864867],
[1340341200000,8.47040211782],
[1340427600000,3.14104581065],
[1340514000000,0.434809405357],
[1340600400000,3.79406342376],
[1340686800000,0.562913894653],
[1340773200000,5.90644462034],
[1340859600000,2.51763161272],
[1340946000000,2.20244310796],
[1341032400000,0.903896100819],
[1341118800000,1.90456227213],
[1341205200000,4.85624435917],
[1341291600000,4.1938380301],
[1341378000000,1.53120250441],
[1341464400000,4.7268149294],
[1341550800000,-0.167794436216],
[1341637200000,0.1785442736],
[1341723600000,-1.39361796528],
[1341810000000,10.1133376248],
[1341896400000,1.67630804703],
[1341982800000,10.7000764869],
[1342069200000,0.75417770166],
[1342155600000,1.95595215261],
[1342242000000,-0.104180790484],
[1342328400000,0.0731707289815],
[1342414800000,-0.151827089489],
[1342501200000,1.2133885026],
[1342587600000,0.54402917996],
[1342674000000,0.571807741188],
[1342760400000,5.34999719262],
[1342846800000,0],
[1342933200000,0.0799999982119],
[1343019600000,1.85377980396],
[1343106000000,4.05562523752],
[1343192400000,0.763276208192],
[1343278800000,0.810363156721],
[1343365200000,2.19972779416],
[1343451600000,0.707099270076],
[1343538000000,1.06677925587],
[1343624400000,0.526027366519],
[1343710800000,0.914537036791],
[1343797200000,-0.175303082447],
[1343883600000,3.6814138554],
[1343970000000,16.9166920334],
[1344056400000,0.160185042769],
[1344142800000,-1.89012138546],
[1344229200000,1.15206362307],
[1344315600000,1.48888891935],
[1344402000000,0.330537518486],
[1344488400000,2.57187070698],
[1344574800000,2.0831239894],
[1344661200000,1.70088116825],
[1344747600000,0.596869602799],
[1344834000000,2.79632673226],
[1344920400000,1.38031064533],
[1345006800000,1.89075877145],
[1345093200000,1.34459765255],
[1345179600000,0.369460323825],
[1345266000000,0.26530611515],
[1345352400000,0.29411765933],
[1345438800000,2.21159246564],
[1345525200000,10.1089186072],
[1345611600000,16.1282624155],
[1345698000000,1.95946864039],
[1345784400000,1.85767896473],
[1345870800000,0],
[1345957200000,0.11302245222],
[1346043600000,-0.0533192753792],
[1346130000000,-0.0307692307979],
[1346216400000,0.399424806237],
[1346302800000,4.111256551],
[1346389200000,1.34603691287],
[1346475600000,2.72104160488],
[1346562000000,0.579605359584],
[1346648400000,1.24701739103],
[1346734800000,8.54138528183],
[1346821200000,1.36459348351],
[1346907600000,1.58773102611],
[1346994000000,0.579571865499],
[1347080400000,0],
[1347166800000,2.7429119898],
[1347253200000,1.75734714419],
[1347339600000,0.794422937091],
[1347426000000,3.30687738024],
[1347512400000,1.37289141677],
[1347598800000,0.200734650716],
[1347685200000,1.92846145108],
[1347771600000,3.2696030587],
[1347858000000,4.43754004315],
[1347944400000,1.23812625092],
[1348030800000,1.32255140506],
[1348117200000,6.5068308413],
[1348203600000,0.857333082706],
[1348290000000,0.596363648772],
[1348376400000,2.5477056168],
[1348462800000,0.564166402444],
[1348549200000,0.497063234448],
[1348635600000,2.91559702717],
[1348722000000,0.990155994892],
[1348808400000,0.954603336751],
[1348894800000,0],
[1348981200000,-0.387123763561],
[1349067600000,0.932475879788],
[1349154000000,0.540347583592],
[1349240400000,2.80207819119],
[1349326800000,6.67424176633],
[1349413200000,1.91522257775],
[1349499600000,0.525386805646],
[1349586000000,-0.234140761197],
[1349672400000,16.9443483837],
[1349758800000,0.992413014174],
[1349845200000,18.3831327818],
[1349931600000,0.587103798985],
[1350018000000,1.13507715613],
[1350104400000,2.06395897269],
[1350190800000,0.115394257009],
[1350277200000,0.460869565606],
[1350363600000,4.21913055331],
[1350450000000,1.801180318],
[1350536400000,2.16019280255],
[1350622800000,4.73721408006],
[1350709200000,0.245539059862],
[1350795600000,0.156209148467],
[1350882000000,-0.448680728674],
[1350968400000,2.76511161774],
[1351054800000,2.52863698453],
[1351141200000,0.20767571032],
[1351227600000,-0.145463220775],
[1351314000000,1.23419119418],
[1351400400000,0.756598118693],
[1351486800000,1.67483941466],
[1351573200000,2.72871774808],
[1351659600000,1.40793518536],
[1351746000000,2.06835006922],
[1351832400000,8.85100871325],
[1351918800000,0.777845770121],
[1352005200000,0.346341460943],
[1352095200000,1.34361669421],
[1352181600000,3.60376779549],
[1352268000000,2.94020828232],
[1352354400000,9.52816619352],
[1352440800000,10.9748604363],
[1352527200000,0.58229758963],
[1352613600000,-2.3112325836],
[1352700000000,6.33783057332],
[1352786400000,3.97624991462],
[1352872800000,0.453380620107],
[1352959200000,4.3354998529],
[1353045600000,-1.37731018662],
[1353132000000,2.10118409991],
[1353218400000,0],
[1353304800000,3.1623914279],
[1353391200000,3.20364356041],
[1353477600000,3.41295518726],
[1353564000000,0.346035670489],
[1353650400000,2.04567566514],
[1353736800000,1.20992515236],
[1353823200000,0.364619421773],
[1353909600000,-0.0933272019029],
[1353996000000,1.21833238751],
[1354082400000,3.4673146978],
[1354168800000,-2.52569472417],
[1354255200000,0.978067299351],
[1354341600000,-0.660607304424],
[1354428000000,0.839540340006],
[1354514400000,0.738486796618],
[1354600800000,0.779559113085],
[1354687200000,4.3738880083],
[1354773600000,3.24357638136],
[1354860000000,1.02584031224],
[1354946400000,0.621621608734],
[1355032800000,0.200308866799],
[1355119200000,2.66227242351],
[1355205600000,4.64872129634],
[1355292000000,1.37782764435],
[1355378400000,0.947656705976],
[1355464800000,4.46530172974],
[1355551200000,1.25253785402],
[1355637600000,1.21955068037],
[1355724000000,2.45771236159],
[1355810400000,2.64385634288],
[1355896800000,4.78061760217],
[1355983200000,4.81205034861],
[1356069600000,3.5286078006],
[1356156000000,0.83973980695],
[1356242400000,-0.189189195633],
[1356328800000,2.20034182072],
[1356415200000,-0.181371624582],
[1356501600000,0.496144533157],
[1356588000000,0.78380969353],
[1356674400000,4.45596054196],
[1356760800000,0.171428576112],
[1356847200000,0.278466135263],
[1356933600000,0.975845426321],
[1357020000000,0],
[1357106400000,0.467804117128],
[1357192800000,3.37914156169],
[1357279200000,0.640403410885],
[1357365600000,0.608744669706],
[1357452000000,0.384615391493],
[1357538400000,2.21925619245],
[1357624800000,0.515532746911],
[1357711200000,1.675975997],
[1357797600000,1.25982789649],
[1357884000000,1.1333861202],
[1357970400000,0],
[1358056800000,0.392699114978],
[1358143200000,-0.378616988659],
[1358229600000,0.772380165756],
[1358316000000,2.52202887833],
[1358402400000,4.50623884425],
[1358488800000,0.631670378149],
[1358575200000,0.653503984213],
[1358661600000,0.974765665829],
[1358748000000,1.9697900787],
[1358834400000,0],
[1358920800000,0],
[1359007200000,0.516301495954],
[1359093600000,2.01892577298],
[1359180000000,0.101117413491],
[1359266400000,0.422752741724],
[1359352800000,3.96658733115],
[1359439200000,1.41592622548],
[1359525600000,7.38544005528],
[1359612000000,1.22542252019],
[1359698400000,1.5],
[1359784800000,0.829875543714],
[1359871200000,0],
[1359957600000,4.05692377314],
[1360044000000,1.60622951761],
[1360130400000,2.768762514],
[1360216800000,0.616514172405],
[1360303200000,0.846141129732],
[1360389600000,2.84859543853],
[1360476000000,1.32771796733],
[1360562400000,5.03951312229],
[1360648800000,6.89629196748],
[1360735200000,0.421815186739],
[1360821600000,1.23565585166],
[1360908000000,-2.32034190651],
[1360994400000,-6.09734160453],
[1361080800000,-3.48260030244],
[1361167200000,0.876671770588],
[1361253600000,2.84863417596],
[1361340000000,1.84015386552],
[1361426400000,7.60111639649],
[1361512800000,2.01896732859],
[1361599200000,0.974270530045],
[1361685600000,0.434590552002],
[1361772000000,6.74522328004],
[1361858400000,1.43409618735],
[1361944800000,1.52182067931],
[1362031200000,1.25571243651]
]
