[
[1319086800000,0],
[1319173200000,0],
[1319259600000,0],
[1319346000000,1.2351295352],
[1319432400000,1.81073012948],
[1319518800000,0.188336774707],
[1319605200000,7.35906221345],
[1319691600000,11.6220874414],
[1319778000000,9.89594516158],
[1319864400000,0],
[1319950800000,0.363636374474],
[1320037200000,5.75838934071],
[1320123600000,0.752947635949],
[1320210000000,1.46655140817],
[1320296400000,2.21253943443],
[1320382800000,-0.285714298487],
[1320469200000,0],
[1320555600000,8.73664009571],
[1320645600000,0.242407090962],
[1320732000000,4.10337360948],
[1320818400000,0.0344827584922],
[1320904800000,0],
[1320991200000,0],
[1321077600000,0.5],
[1321164000000,0],
[1321250400000,0],
[1321336800000,0],
[1321423200000,11.5830258578],
[1321509600000,0.0822535194457],
[1321596000000,0],
[1321682400000,0.531914889812],
[1321768800000,-0.0588461607695],
[1321855200000,0.0277777779847],
[1321941600000,0.478991597891],
[1322028000000,-0.638297870755],
[1322114400000,3.67922562361],
[1322200800000,0.0568181872368],
[1322287200000,7.86301374435],
[1322373600000,0],
[1322460000000,0.827113159001],
[1322546400000,6.55839820765],
[1322632800000,0.0351914614439],
[1322719200000,0.545064389706],
[1322805600000,0.0112359551713],
[1322892000000,0],
[1322978400000,0],
[1323064800000,0],
[1323151200000,8.23648515064],
[1323237600000,-0.0390625],
[1323324000000,-0.130434781313],
[1323410400000,-3.4053909108],
[1323496800000,0],
[1323583200000,0.452631592751],
[1323669600000,1.10839161277],
[1323756000000,2.78217574954],
[1323842400000,0.9954771474],
[1323928800000,3.24488013983],
[1324015200000,-0.784304514527],
[1324101600000,0],
[1324188000000,0],
[1324274400000,0.328959017992],
[1324360800000,1.25745752454],
[1324447200000,0.827698789537],
[1324533600000,0.14241486229],
[1324620000000,0.736842095852],
[1324706400000,0.408921226859],
[1324792800000,1.56371486187],
[1324879200000,0],
[1324965600000,1.20491448417],
[1325052000000,0.086614176631],
[1325138400000,1.89292472601],
[1325224800000,0],
[1325311200000,0],
[1325397600000,0.5],
[1325484000000,1.269974567],
[1325570400000,2.64726855047],
[1325656800000,0.445653852075],
[1325743200000,3.3788757287],
[1325829600000,0.25373134017],
[1325916000000,0.93670886755],
[1326002400000,0],
[1326088800000,0.149253726006],
[1326175200000,0],
[1326261600000,6.64261668175],
[1326348000000,-0.903225779533],
[1326434400000,0.262254908681],
[1326520800000,0.428571432829],
[1326607200000,0],
[1326693600000,-1.97799780779],
[1326780000000,1.3771713376],
[1326866400000,0.232974946499],
[1326952800000,0.761287638918],
[1327039200000,8.22557202727],
[1327125600000,0.708333313465],
[1327212000000,0.51216390729],
[1327298400000,5.9137256369],
[1327384800000,2.71659185179],
[1327471200000,4.28455746174],
[1327557600000,-0.685484498739],
[1327644000000,0.333848178387],
[1327730400000,0],
[1327816800000,0.465116292238],
[1327903200000,0.277972608805],
[1327989600000,0.822695046663],
[1328076000000,1.13909479976],
[1328162400000,1.61086611077],
[1328248800000,1.392362535],
[1328335200000,0],
[1328421600000,0],
[1328508000000,0.767605632544],
[1328594400000,0.614588901401],
[1328680800000,0.739130437374],
[1328767200000,0.412698410451],
[1328853600000,0.242681771517],
[1328940000000,0],
[1329026400000,0],
[1329112800000,1.98605754226],
[1329199200000,3.45464649796],
[1329285600000,4.01527345181],
[1329372000000,0.504256464541],
[1329458400000,-0.0769230797887],
[1329544800000,0],
[1329631200000,0],
[1329717600000,0.846153855324],
[1329804000000,0.515158127993],
[1329890400000,-2.53467682749],
[1329976800000,0],
[1330063200000,34.3264299091],
[1330149600000,0],
[1330236000000,0.392307698727],
[1330322400000,0.466666668653],
[1330408800000,0.710964955389],
[1330495200000,0.287741929293],
[1330581600000,0.771475955844],
[1330668000000,0.38751276955],
[1330754400000,0.250409170985],
[1330840800000,0],
[1330927200000,3.48593312502],
[1331013600000,0.393258422613],
[1331100000000,0],
[1331186400000,0],
[1331272800000,0.743589758873],
[1331359200000,0],
[1331445600000,0],
[1331528400000,1.62456611544],
[1331614800000,0.00613496918231],
[1331701200000,1.98970095813],
[1331787600000,0.774983184412],
[1331874000000,0],
[1331960400000,0],
[1332046800000,0],
[1332133200000,0],
[1332219600000,0.649999976158],
[1332306000000,0],
[1332392400000,0.185185179114],
[1332478800000,1.22086052597],
[1332565200000,0],
[1332651600000,0.343283593655],
[1332738000000,0.608152662404],
[1332824400000,-0.00782778859138],
[1332910800000,-0.153846159577],
[1332997200000,0.990709811449],
[1333083600000,0],
[1333170000000,0],
[1333256400000,0],
[1333342800000,0.307692319155],
[1333429200000,1.0],
[1333515600000,2.41800406575],
[1333602000000,2.48695661873],
[1333688400000,0],
[1333774800000,0],
[1333861200000,0],
[1333947600000,0.114962697029],
[1334034000000,0],
[1334120400000,-1.68605934829],
[1334206800000,-0.0147554054856],
[1334293200000,1.2085967958],
[1334379600000,0],
[1334466000000,0],
[1334552400000,0.596468061209],
[1334638800000,0.747871160507],
[1334725200000,0.0285714287311],
[1334811600000,1.60771293938],
[1334898000000,-0.916994482279],
[1334984400000,0.758006572723],
[1335070800000,-2.03896103799],
[1335157200000,0.167263507843],
[1335243600000,-0.106437034905],
[1335330000000,-0.151515156031],
[1335416400000,0.224409492686],
[1335502800000,-2.59681006521],
[1335589200000,0],
[1335675600000,0],
[1335762000000,0.00436509028077],
[1335848400000,0.217616572976],
[1335934800000,1.3326828517],
[1336021200000,0.404105514288],
[1336107600000,0.643894135952],
[1336194000000,0],
[1336280400000,0.510848861188],
[1336366800000,-1.43923602253],
[1336453200000,0.438979953527],
[1336539600000,0],
[1336626000000,-3.55384613574],
[1336712400000,-0.221261173487],
[1336798800000,0],
[1336885200000,0],
[1336971600000,-0.85684209317],
[1337058000000,-0.15000000596],
[1337144400000,0.490015365183],
[1337230800000,0.0140845067799],
[1337317200000,0],
[1337403600000,0],
[1337490000000,0],
[1337576400000,0.795894652605],
[1337662800000,0.187785550952],
[1337749200000,-0.0461538471282],
[1337835600000,0.25],
[1337922000000,0],
[1338008400000,0],
[1338094800000,0],
[1338181200000,0],
[1338267600000,-3.40462440252],
[1338354000000,-5.76150403172],
[1338440400000,1.44719688594],
[1338526800000,-5.17922861129],
[1338613200000,0],
[1338699600000,0],
[1338786000000,2.2927236408],
[1338872400000,2.38780212402],
[1338958800000,0.929482720792],
[1339045200000,1.10603573918],
[1339131600000,0],
[1339218000000,0],
[1339304400000,0.911519229412],
[1339390800000,1.45712553151],
[1339477200000,3.09517090768],
[1339563600000,1.99118068442],
[1339650000000,-0.935008376837],
[1339736400000,0],
[1339822800000,0.659722231328],
[1339909200000,0.288888901472],
[1339995600000,0.157894730568],
[1340082000000,0.503322642297],
[1340168400000,0.0415897369385],
[1340254800000,1.66766053438],
[1340341200000,2.85453251749],
[1340427600000,0.624093450606],
[1340514000000,0],
[1340600400000,1.76323014498],
[1340686800000,0.252777758986],
[1340773200000,1.53967372328],
[1340859600000,0.567567586899],
[1340946000000,1.77654767036],
[1341032400000,0],
[1341118800000,0],
[1341205200000,5.21898118034],
[1341291600000,3.79135630652],
[1341378000000,6.99028636888],
[1341464400000,2.15897224471],
[1341550800000,0.543279618025],
[1341637200000,0.913139153272],
[1341723600000,0],
[1341810000000,1.39928013831],
[1341896400000,1.62142359093],
[1341982800000,0.635204076767],
[1342069200000,1.19969107211],
[1342155600000,3.92329987884],
[1342242000000,1.87857145071],
[1342328400000,1.54625461996],
[1342414800000,-0.560307264328],
[1342501200000,10.2341134828],
[1342587600000,0.625429823995],
[1342674000000,20.8020084649],
[1342760400000,0.447727013379],
[1342846800000,0],
[1342933200000,0.375],
[1343019600000,1.469341591],
[1343106000000,0.866822257638],
[1343192400000,11.9540065043],
[1343278800000,8.31121931598],
[1343365200000,-0.430059909821],
[1343451600000,1.0],
[1343538000000,0],
[1343624400000,4.80836933851],
[1343710800000,2.0608151406],
[1343797200000,0.949885217473],
[1343883600000,1.46688213758],
[1343970000000,1.81325140595],
[1344056400000,0.513513505459],
[1344142800000,0.752692617476],
[1344229200000,-0.115646257997],
[1344315600000,1.59055799246],
[1344402000000,3.42333488166],
[1344488400000,3.14718837291],
[1344574800000,1.6698794961],
[1344661200000,0.0131578948349],
[1344747600000,0.572547078133],
[1344834000000,0.862654879689],
[1344920400000,1.63247197866],
[1345006800000,1.75132274628],
[1345093200000,3.74602360278],
[1345179600000,16.1305503845],
[1345266000000,0],
[1345352400000,0],
[1345438800000,4.64549797773],
[1345525200000,0.483870953321],
[1345611600000,1.81290948391],
[1345698000000,3.18176428229],
[1345784400000,-0.0881841517985],
[1345870800000,0],
[1345957200000,0.431818187237],
[1346043600000,0],
[1346130000000,-3.39742140006],
[1346216400000,1.44504275359],
[1346302800000,1.61102893203],
[1346389200000,0.454545468092],
[1346475600000,3.30960516632],
[1346562000000,0.442786067724],
[1346648400000,1.28357870877],
[1346734800000,0.679211467505],
[1346821200000,0.806239727885],
[1346907600000,0.231999993324],
[1346994000000,0],
[1347080400000,0],
[1347166800000,0.230567688122],
[1347253200000,16.6542264298],
[1347339600000,-0.0526315793395],
[1347426000000,3.06003112812],
[1347512400000,0],
[1347598800000,5.67368383892],
[1347685200000,0.942546576262],
[1347771600000,0],
[1347858000000,1.81800686941],
[1347944400000,-2.54163649306],
[1348030800000,-2.48926828802],
[1348117200000,14.5250379927],
[1348203600000,1.70527674258],
[1348290000000,0.571428589523],
[1348376400000,-0.179104477167],
[1348462800000,1.51900211163],
[1348549200000,1.05928984284],
[1348635600000,10.4448283836],
[1348722000000,16.5749408007],
[1348808400000,0.290437251329],
[1348894800000,0],
[1348981200000,0.643835604191],
[1349067600000,3.53139193356],
[1349154000000,4.01001468301],
[1349240400000,0.246376812458],
[1349326800000,-0.747905910015],
[1349413200000,2.17348897457],
[1349499600000,0],
[1349586000000,0.180836714804],
[1349672400000,1.13109529018],
[1349758800000,1.27272725105],
[1349845200000,1.66603702307],
[1349931600000,0.467532470822],
[1350018000000,0.213805854321],
[1350104400000,0],
[1350190800000,2.14285716414],
[1350277200000,0.270834721625],
[1350363600000,1.43434345722],
[1350450000000,2.22053683922],
[1350536400000,2.72764697671],
[1350622800000,0.876535519958],
[1350709200000,0],
[1350795600000,0.331354364753],
[1350882000000,1.2021022439],
[1350968400000,11.1190150566],
[1351054800000,1.78094787896],
[1351141200000,7.72980509046],
[1351227600000,5.27051644772],
[1351314000000,6.30062235799],
[1351400400000,0.0],
[1351486800000,3.81641084328],
[1351573200000,1.37886525318],
[1351659600000,2.60934464075],
[1351746000000,0.831876680255],
[1351832400000,0.222222233191],
[1351918800000,0.109144546092],
[1352005200000,0],
[1352095200000,-0.174583554268],
[1352181600000,8.9500695616],
[1352268000000,1.61157251894],
[1352354400000,3.58869501948],
[1352440800000,0.745452195406],
[1352527200000,0.360336221755],
[1352613600000,0.0482727177441],
[1352700000000,3.76611875743],
[1352786400000,1.27668638527],
[1352872800000,28.6972663924],
[1352959200000,11.35909128],
[1353045600000,0.186839565635],
[1353132000000,-0.0644589066505],
[1353218400000,2.43770554662],
[1353304800000,0.623985592276],
[1353391200000,-0.259611299261],
[1353477600000,24.8951704819],
[1353564000000,2.06322067603],
[1353650400000,3.84378788993],
[1353736800000,0],
[1353823200000,0],
[1353909600000,3.23339917511],
[1353996000000,2.10307349265],
[1354082400000,1.45029417425],
[1354168800000,1.39467853308],
[1354255200000,0.292063493282],
[1354341600000,0.104575164616],
[1354428000000,0],
[1354514400000,2.8654813543],
[1354600800000,0.681139454246],
[1354687200000,0.614428848028],
[1354773600000,0.93518088758],
[1354860000000,7.04566251859],
[1354946400000,1.51312455535],
[1355032800000,0.753101244569],
[1355119200000,0.213440291584],
[1355205600000,1.97502233088],
[1355292000000,1.91533222049],
[1355378400000,0.851644746959],
[1355464800000,0.761739119887],
[1355551200000,0],
[1355637600000,0.43137255311],
[1355724000000,0.172147005796],
[1355810400000,0.534058131278],
[1355896800000,-0.493103444576],
[1355983200000,1.18973273039],
[1356069600000,0.921155020595],
[1356156000000,0.797462999821],
[1356242400000,0],
[1356328800000,1.06731817219],
[1356415200000,0],
[1356501600000,0.375],
[1356588000000,0.560163855553],
[1356674400000,1.14668157697],
[1356760800000,0],
[1356847200000,0],
[1356933600000,0],
[1357020000000,0],
[1357106400000,0.54546727147],
[1357192800000,0.0917721390724],
[1357279200000,0.340901606716],
[1357365600000,3.6759150615],
[1357452000000,0.647301610559],
[1357538400000,0.997595101595],
[1357624800000,3.13361975551],
[1357711200000,0.49777777493],
[1357797600000,1.49065950513],
[1357884000000,0.76910507679],
[1357970400000,2.06700439751],
[1358056800000,0],
[1358143200000,3.4398252368],
[1358229600000,0.989729017019],
[1358316000000,0.220707155764],
[1358402400000,1.22030135989],
[1358488800000,0.180434782058],
[1358575200000,0.203389823437],
[1358661600000,0],
[1358748000000,5.2534879595],
[1358834400000,4.74194748327],
[1358920800000,5.49666115642],
[1359007200000,2.43921572715],
[1359093600000,-0.00992202758789],
[1359180000000,0.195121943951],
[1359266400000,0.333333343267],
[1359352800000,1.4968778789],
[1359439200000,2.67236796021],
[1359525600000,0.861881583929],
[1359612000000,1.40819147229],
[1359698400000,6.46327596903],
[1359784800000,1.14715722948],
[1359871200000,0],
[1359957600000,2.42542365193],
[1360044000000,0],
[1360130400000,1.78986018151],
[1360216800000,1.08568507433],
[1360303200000,1.96288311481],
[1360389600000,0.432160794735],
[1360476000000,0],
[1360562400000,0.0],
[1360648800000,1.64236058295],
[1360735200000,0.403560010716],
[1360821600000,2.04479265958],
[1360908000000,1.59122929908],
[1360994400000,1.1744235456],
[1361080800000,-0.0270270276815],
[1361167200000,0.415028385818],
[1361253600000,4.02455238998],
[1361340000000,0.159407138824],
[1361426400000,3.3178839609],
[1361512800000,1.62968108058],
[1361599200000,0.695238098502],
[1361685600000,0.571428596973],
[1361772000000,1.16769173741],
[1361858400000,3.90172245167],
[1361944800000,6.2084353324],
[1362031200000,1.25088456273]
]
