[
[1319086800000,0],
[1319173200000,0],
[1319259600000,-0.290090113878],
[1319346000000,-1.59986762423],
[1319432400000,21.9927713703],
[1319518800000,4.8259229986],
[1319605200000,8.28417609446],
[1319691600000,23.7405049051],
[1319778000000,8.64301359653],
[1319864400000,1.46691976488],
[1319950800000,0.758024692535],
[1320037200000,-4.97917338274],
[1320123600000,-33.751067996],
[1320210000000,1.68465821166],
[1320296400000,-4.94729541242],
[1320382800000,5.40956657752],
[1320469200000,0.216987125576],
[1320555600000,1.11493811756],
[1320645600000,-7.24849065766],
[1320732000000,9.06751516648],
[1320818400000,1.42376209563],
[1320904800000,-15.6999383313],
[1320991200000,13.0503714392],
[1321077600000,1.24179698527],
[1321164000000,0.0],
[1321250400000,8.77107577212],
[1321336800000,-4.23199140653],
[1321423200000,-17.9030974219],
[1321509600000,-9.10513923969],
[1321596000000,-1.3749850411],
[1321682400000,0.933150753379],
[1321768800000,0.149758458138],
[1321855200000,-21.0798141053],
[1321941600000,-6.3406225238],
[1322028000000,-13.5826965077],
[1322114400000,-4.20101245493],
[1322200800000,-20.6194799822],
[1322287200000,-0.757249303162],
[1322373600000,-0.177215188742],
[1322460000000,12.921624857],
[1322546400000,8.52838627994],
[1322632800000,5.1858385955],
[1322719200000,9.01922363602],
[1322805600000,9.52164185792],
[1322892000000,1.66355041042],
[1322978400000,0.583394970745],
[1323064800000,11.7267715232],
[1323151200000,-9.7082976622],
[1323237600000,8.25615594722],
[1323324000000,-1.11826790404],
[1323410400000,2.60510118306],
[1323496800000,0.812135835178],
[1323583200000,0.0645161271095],
[1323669600000,-13.0387494033],
[1323756000000,-3.59688286204],
[1323842400000,-11.2421607622],
[1323928800000,-2.66596679087],
[1324015200000,6.70364667848],
[1324101600000,0.280862691812],
[1324188000000,0],
[1324274400000,-4.83842035895],
[1324360800000,5.71542337304],
[1324447200000,11.206421339],
[1324533600000,4.30427023023],
[1324620000000,9.89046086557],
[1324706400000,0.919062197208],
[1324792800000,0.458333343267],
[1324879200000,-1.55004749447],
[1324965600000,3.10345384479],
[1325052000000,-7.15121433325],
[1325138400000,-5.7474621376],
[1325224800000,-8.68442022428],
[1325311200000,-0.321667495184],
[1325397600000,0.637896940112],
[1325484000000,6.78583757905],
[1325570400000,15.4029107764],
[1325656800000,-5.28644236177],
[1325743200000,-12.1692464203],
[1325829600000,6.9586965926],
[1325916000000,-0.61306270957],
[1326002400000,0.454545468092],
[1326088800000,0.305133911781],
[1326175200000,11.7948447643],
[1326261600000,2.56514561176],
[1326348000000,2.90177325252],
[1326434400000,-2.806258603],
[1326520800000,-3.4156134082],
[1326607200000,-0.184079602361],
[1326693600000,-13.0826900918],
[1326780000000,18.1547732856],
[1326866400000,-0.223411586136],
[1326952800000,9.42137220828],
[1327039200000,2.14182875399],
[1327125600000,0.872633664869],
[1327212000000,1.34990229458],
[1327298400000,7.00073837861],
[1327384800000,0.0259275017306],
[1327471200000,4.29508318659],
[1327557600000,6.31770993769],
[1327644000000,-1.85517024249],
[1327730400000,-0.111111111939],
[1327816800000,-0.555555582047],
[1327903200000,-6.50208629575],
[1327989600000,7.1905159927],
[1328076000000,9.62577186991],
[1328162400000,4.65260726493],
[1328248800000,8.85849546641],
[1328335200000,0.286155894399],
[1328421600000,0],
[1328508000000,-0.720169915352],
[1328594400000,6.43677708693],
[1328680800000,9.99514823779],
[1328767200000,5.05762088578],
[1328853600000,-6.58580380399],
[1328940000000,-0.943651460111],
[1329026400000,0],
[1329112800000,11.783305415],
[1329199200000,-5.41653350927],
[1329285600000,6.55439569429],
[1329372000000,-7.1847026404],
[1329458400000,10.0715061333],
[1329544800000,0.129999995232],
[1329631200000,-0.102803736925],
[1329717600000,9.09705856699],
[1329804000000,3.91587722395],
[1329890400000,0.0730103990063],
[1329976800000,-2.33128493233],
[1330063200000,6.50519221835],
[1330149600000,0.211678832769],
[1330236000000,0],
[1330322400000,-1.98739301972],
[1330408800000,4.69556367677],
[1330495200000,7.88737192471],
[1330581600000,5.91891128011],
[1330668000000,2.02972291596],
[1330754400000,0.275316849351],
[1330840800000,0.24985755235],
[1330927200000,-6.14987694612],
[1331013600000,-10.8717658129],
[1331100000000,2.45096533559],
[1331186400000,11.934257125],
[1331272800000,6.98430292215],
[1331359200000,-0.135997734964],
[1331445600000,0],
[1331528400000,3.58558500372],
[1331614800000,15.220234717],
[1331701200000,9.54913445935],
[1331787600000,0.758065490983],
[1331874000000,7.98473677784],
[1331960400000,0],
[1332046800000,0.351029261947],
[1332133200000,10.1774418585],
[1332219600000,-7.58220255375],
[1332306000000,2.82541163452],
[1332392400000,-13.2980717225],
[1332478800000,0.238125661388],
[1332565200000,-0.243914987892],
[1332651600000,-1.25714370143],
[1332738000000,11.9971910939],
[1332824400000,11.2206207477],
[1332910800000,2.53692914546],
[1332997200000,-7.98436391726],
[1333083600000,7.65783709474],
[1333170000000,1.45864973962],
[1333256400000,0.640927419066],
[1333342800000,6.78951786645],
[1333429200000,2.95024169516],
[1333515600000,-19.0393188316],
[1333602000000,-7.94111552835],
[1333688400000,-1.07121207193],
[1333774800000,0.215488225222],
[1333861200000,-0.0933333337307],
[1333947600000,0.453636882361],
[1334034000000,-26.9746377096],
[1334120400000,-6.63977875002],
[1334206800000,3.22301883809],
[1334293200000,-13.8665856682],
[1334379600000,-0.0434782616794],
[1334466000000,-0.0942164957523],
[1334552400000,-3.97263853764],
[1334638800000,6.23971665092],
[1334725200000,-0.613011634443],
[1334811600000,5.45410636626],
[1334898000000,5.44062123727],
[1334984400000,0.274526495486],
[1335070800000,0],
[1335157200000,-22.3783870302],
[1335243600000,-2.68860876653],
[1335330000000,4.48438068153],
[1335416400000,-0.776581892744],
[1335502800000,-3.17651237641],
[1335589200000,1.30209062994],
[1335675600000,0.22328999266],
[1335762000000,-4.00129260402],
[1335848400000,0.514591690153],
[1335934800000,5.64559489861],
[1336021200000,-2.62527115736],
[1336107600000,-6.62162108533],
[1336194000000,1.22030347586],
[1336280400000,-0.247762610205],
[1336366800000,-17.3320450364],
[1336453200000,-8.95325916167],
[1336539600000,-7.103695211],
[1336626000000,-4.65876548085],
[1336712400000,-10.2777386699],
[1336798800000,-0.309064692818],
[1336885200000,-0.10067114234],
[1336971600000,-22.2586720977],
[1337058000000,-14.5096860393],
[1337144400000,-6.68215655163],
[1337230800000,-11.9696048936],
[1337317200000,-18.2917649643],
[1337403600000,-1.47420060448],
[1337490000000,0.515097394586],
[1337576400000,5.84634869313],
[1337662800000,4.36838242132],
[1337749200000,-8.15406221244],
[1337835600000,-8.75710490718],
[1337922000000,0.75174257718],
[1338008400000,0],
[1338094800000,0.245614036918],
[1338181200000,-1.99162579607],
[1338267600000,0.0771445548162],
[1338354000000,-17.6581014544],
[1338440400000,-9.06978022121],
[1338526800000,-26.1799060311],
[1338613200000,-1.36593058333],
[1338699600000,0.488707475364],
[1338786000000,-18.073590854],
[1338872400000,0.125211240724],
[1338958800000,7.73051664687],
[1339045200000,11.2862507068],
[1339131600000,-15.4230053555],
[1339218000000,1.80485215783],
[1339304400000,-0.208732057363],
[1339390800000,17.4588490147],
[1339477200000,-0.574539313558],
[1339563600000,-3.55579139199],
[1339650000000,-17.7727899067],
[1339736400000,3.66686516348],
[1339822800000,0.818914949894],
[1339909200000,0.292842846364],
[1339995600000,16.4096343704],
[1340082000000,5.10729106795],
[1340168400000,2.69747730345],
[1340254800000,-4.32178087719],
[1340341200000,-11.2963604303],
[1340427600000,0.548464879394],
[1340514000000,0.27405766584],
[1340600400000,-6.51929266099],
[1340686800000,-4.73325563502],
[1340773200000,22.1719207298],
[1340859600000,3.03425744455],
[1340946000000,22.755452089],
[1341032400000,1.62110618502],
[1341118800000,2.35384631157],
[1341205200000,24.1980456291],
[1341291600000,4.143862308],
[1341378000000,-0.474072748795],
[1341464400000,-6.12007804494],
[1341550800000,-15.9872955214],
[1341637200000,4.85733478144],
[1341723600000,0.0153846144676],
[1341810000000,-3.19164182525],
[1341896400000,-0.537312647328],
[1341982800000,-6.39907032996],
[1342069200000,-7.55813988857],
[1342155600000,-1.89885537419],
[1342242000000,5.66490769014],
[1342328400000,1.76472991519],
[1342414800000,-3.68353564385],
[1342501200000,2.24188925233],
[1342587600000,4.55565681029],
[1342674000000,10.5969413426],
[1342760400000,-10.485383397],
[1342846800000,-0.452124085277],
[1342933200000,-0.437037050724],
[1343019600000,-21.5922619114],
[1343106000000,-19.9063541014],
[1343192400000,-7.86531810369],
[1343278800000,7.85656106379],
[1343365200000,16.4372184416],
[1343451600000,2.07893124968],
[1343538000000,1.29641329963],
[1343624400000,6.98551797494],
[1343710800000,2.5260527106],
[1343797200000,2.04937596899],
[1343883600000,1.0781060101],
[1343970000000,1.17543787602],
[1344056400000,0.152915010229],
[1344142800000,0.213026843965],
[1344229200000,2.64573781099],
[1344315600000,2.71712009422],
[1344402000000,0.613581564277],
[1344488400000,1.72847394645],
[1344574800000,-1.63208358735],
[1344661200000,0.248906049877],
[1344747600000,0.260175585747],
[1344834000000,-3.14288283139],
[1344920400000,4.39581085462],
[1345006800000,-0.608431641944],
[1345093200000,10.8973676628],
[1345179600000,4.53519475088],
[1345266000000,1.18090364709],
[1345352400000,-0.425564303994],
[1345438800000,11.5417884532],
[1345525200000,6.27546697622],
[1345611600000,6.86607706733],
[1345698000000,6.95648761746],
[1345784400000,1.3317121705],
[1345870800000,0.0478182137012],
[1345957200000,1.46372224391],
[1346043600000,3.28222032171],
[1346130000000,2.39544571564],
[1346216400000,-2.59095932078],
[1346302800000,-1.79637376964],
[1346389200000,4.94230360817],
[1346475600000,1.31564069539],
[1346562000000,-0.0583446905948],
[1346648400000,5.27340179123],
[1346734800000,-7.5613214327],
[1346821200000,-2.88502703886],
[1346907600000,35.132231601],
[1346994000000,22.9680290101],
[1347080400000,1.11899130233],
[1347166800000,-0.0692660845816],
[1347253200000,4.80822423194],
[1347339600000,9.09955323022],
[1347426000000,10.1141398884],
[1347512400000,9.78608801123],
[1347598800000,16.5453435155],
[1347685200000,1.54978979751],
[1347771600000,1.02326276898],
[1347858000000,-0.426718655974],
[1347944400000,-4.15494450275],
[1348030800000,12.8348013181],
[1348117200000,-8.80484228581],
[1348203600000,7.63332871255],
[1348290000000,-0.0319272372872],
[1348376400000,0.248632237315],
[1348462800000,-1.02688253112],
[1348549200000,2.69889768958],
[1348635600000,-18.406157427],
[1348722000000,-0.106965531595],
[1348808400000,-2.69943759032],
[1348894800000,0.276244249195],
[1348981200000,-0.0761469919235],
[1349067600000,3.49603735749],
[1349154000000,-5.37586538866],
[1349240400000,-6.39166396298],
[1349326800000,1.56044439506],
[1349413200000,2.90495356591],
[1349499600000,0.414365664124],
[1349586000000,0.451228873804],
[1349672400000,-6.62758171652],
[1349758800000,-2.07599465549],
[1349845200000,-7.03543106467],
[1349931600000,-5.79832371627],
[1350018000000,-8.29562756233],
[1350104400000,0.234344419092],
[1350190800000,-0.476868205704],
[1350277200000,7.40023657214],
[1350363600000,14.5251016077],
[1350450000000,7.95074050408],
[1350536400000,1.25001481734],
[1350622800000,1.38297032379],
[1350709200000,0.403091790155],
[1350795600000,4.33450112492],
[1350882000000,2.82505315356],
[1350968400000,-7.54730455158],
[1351054800000,-3.0859969072],
[1351141200000,4.4534844961],
[1351227600000,-0.620104858652],
[1351314000000,0.609809352085],
[1351400400000,0.119936898351],
[1351486800000,-4.90678634681],
[1351573200000,-4.77030087635],
[1351659600000,5.79048867524],
[1351746000000,8.15636764746],
[1351832400000,16.2846701927],
[1351918800000,0.317854881287],
[1352005200000,0.4350059852],
[1352095200000,11.3745687206],
[1352181600000,20.489998213],
[1352268000000,-11.8300274874],
[1352354400000,-1.42736882064],
[1352440800000,1.86398016382],
[1352527200000,0.477468343452],
[1352613600000,0.566216804087],
[1352700000000,6.94218931347],
[1352786400000,-3.87632164173],
[1352872800000,-6.79488582071],
[1352959200000,-10.0402602768],
[1353045600000,6.53104718891],
[1353132000000,1.0652339505],
[1353218400000,-0.172802709043],
[1353304800000,13.0800079592],
[1353391200000,-1.00839935336],
[1353477600000,0.0777250612155],
[1353564000000,10.4898287412],
[1353650400000,9.4957197085],
[1353736800000,1.26262382511],
[1353823200000,0.145334877074],
[1353909600000,7.95737440325],
[1353996000000,8.74491492379],
[1354082400000,-5.5519444081],
[1354168800000,6.64585515205],
[1354255200000,9.28928093985],
[1354341600000,2.56067407876],
[1354428000000,0.462446963415],
[1354514400000,10.8906775541],
[1354600800000,0.275202861987],
[1354687200000,6.72064031474],
[1354773600000,14.8520736685],
[1354860000000,-1.89651058451],
[1354946400000,0.0],
[1355032800000,-0.234117507935],
[1355119200000,4.24047638476],
[1355205600000,9.10051691625],
[1355292000000,10.8725998141],
[1355378400000,4.21918841638],
[1355464800000,0.158118640538],
[1355551200000,0.548387110233],
[1355637600000,0.622107414529],
[1355724000000,4.47427692264],
[1355810400000,4.07122344989],
[1355896800000,4.76051240228],
[1355983200000,2.56873659231],
[1356069600000,-4.06318032369],
[1356156000000,0.448979586363],
[1356242400000,0.0],
[1356328800000,-0.00455141440034],
[1356415200000,0],
[1356501600000,0.688433587551],
[1356588000000,7.4479534477],
[1356674400000,-0.617307580542],
[1356760800000,-0.0482235252857],
[1356847200000,-0.170212760568],
[1356933600000,-1.02412415482],
[1357020000000,-0.217391297221],
[1357106400000,4.63530869503],
[1357192800000,0.969719706103],
[1357279200000,-0.618680554442],
[1357365600000,0.277777791023],
[1357452000000,0.10609902814],
[1357538400000,2.56728367601],
[1357624800000,-4.3155176267],
[1357711200000,7.52059400547],
[1357797600000,6.7527101133],
[1357884000000,2.52619734593],
[1357970400000,2.45749227703],
[1358056800000,2.76864110772],
[1358143200000,8.23881417804],
[1358229600000,2.26889760047],
[1358316000000,-2.3426718656],
[1358402400000,6.57167752273],
[1358488800000,4.93611549679],
[1358575200000,0.363971956074],
[1358661600000,0.108928574249],
[1358748000000,1.69303672109],
[1358834400000,2.43431903888],
[1358920800000,1.16838664189],
[1359007200000,0.996028134599],
[1359093600000,7.18019074248],
[1359180000000,0.12417910248],
[1359266400000,0.623034343123],
[1359352800000,7.99205806479],
[1359439200000,2.95728108101],
[1359525600000,0.22718539834],
[1359612000000,0.11469917465],
[1359698400000,6.40217978228],
[1359784800000,0.265441842377],
[1359871200000,-0.347746919841],
[1359957600000,-0.482674904168],
[1360044000000,1.80206016451],
[1360130400000,2.50452946965],
[1360216800000,1.35409284011],
[1360303200000,3.05232893024],
[1360389600000,0.0582417584956],
[1360476000000,0.170731708407],
[1360562400000,1.72671514004],
[1360648800000,-0.664208239876],
[1360735200000,-0.601358844899],
[1360821600000,-2.62694817688],
[1360908000000,1.19738344103],
[1360994400000,0],
[1361080800000,0.0731135979295],
[1361167200000,-2.74513871595],
[1361253600000,3.22903541941],
[1361340000000,0.624896944501],
[1361426400000,-5.23433337361],
[1361512800000,2.3679681411],
[1361599200000,0.30297331512],
[1361685600000,0.407407402992],
[1361772000000,3.10984888766],
[1361858400000,-2.94846733194],
[1361944800000,0.235636658967],
[1362031200000,0.0501280644676]
]
