[
[1319086800000,0],
[1319173200000,0],
[1319259600000,0],
[1319346000000,0],
[1319432400000,0.589873425663],
[1319518800000,0.160493820906],
[1319605200000,0.136842101812],
[1319691600000,0],
[1319778000000,0],
[1319864400000,0],
[1319950800000,0],
[1320037200000,0],
[1320123600000,0],
[1320210000000,0],
[1320296400000,-0.459088794887],
[1320382800000,0.24972397089],
[1320469200000,0],
[1320555600000,0],
[1320645600000,5.62292417884],
[1320732000000,0.0333333350718],
[1320818400000,0.848352491856],
[1320904800000,-0.36317134276],
[1320991200000,2.64794950187],
[1321077600000,0],
[1321164000000,0],
[1321250400000,0],
[1321336800000,0],
[1321423200000,0],
[1321509600000,0],
[1321596000000,0.333333343267],
[1321682400000,0],
[1321768800000,0],
[1321855200000,0],
[1321941600000,0],
[1322028000000,-0.523076951504],
[1322114400000,0],
[1322200800000,0],
[1322287200000,0],
[1322373600000,0],
[1322460000000,0],
[1322546400000,0],
[1322632800000,0],
[1322719200000,-0.597402617335],
[1322805600000,0],
[1322892000000,0],
[1322978400000,0],
[1323064800000,0],
[1323151200000,0],
[1323237600000,0],
[1323324000000,0],
[1323410400000,0],
[1323496800000,0],
[1323583200000,0],
[1323669600000,0],
[1323756000000,0],
[1323842400000,0],
[1323928800000,0],
[1324015200000,0],
[1324101600000,0],
[1324188000000,0],
[1324274400000,0],
[1324360800000,0.037037037313],
[1324447200000,1.07391935028],
[1324533600000,0.212121218443],
[1324620000000,0],
[1324706400000,0],
[1324792800000,0],
[1324879200000,0],
[1324965600000,0],
[1325052000000,0],
[1325138400000,0],
[1325224800000,0],
[1325311200000,0],
[1325397600000,0],
[1325484000000,0],
[1325570400000,0],
[1325656800000,0.308900535107],
[1325743200000,0.178070574999],
[1325829600000,0.233067594469],
[1325916000000,0],
[1326002400000,0],
[1326088800000,-0.143538353965],
[1326175200000,0.27500000596],
[1326261600000,0],
[1326348000000,0],
[1326434400000,0.550116553903],
[1326520800000,0],
[1326607200000,0],
[1326693600000,-1.26666668057],
[1326780000000,-0.41186299175],
[1326866400000,0],
[1326952800000,0],
[1327039200000,-0.265060245991],
[1327125600000,0],
[1327212000000,0],
[1327298400000,0],
[1327384800000,0],
[1327471200000,0],
[1327557600000,0],
[1327644000000,-0.666666686535],
[1327730400000,0],
[1327816800000,0],
[1327903200000,0],
[1327989600000,0],
[1328076000000,1.41935479641],
[1328162400000,0],
[1328248800000,0],
[1328335200000,0],
[1328421600000,0],
[1328508000000,0],
[1328594400000,0.755555570126],
[1328680800000,0],
[1328767200000,0.379310339689],
[1328853600000,0],
[1328940000000,0],
[1329026400000,0],
[1329112800000,0],
[1329199200000,0],
[1329285600000,0],
[1329372000000,0],
[1329458400000,1.23809528351],
[1329544800000,0],
[1329631200000,0],
[1329717600000,0.980889394879],
[1329804000000,0],
[1329890400000,0],
[1329976800000,-0.228070169687],
[1330063200000,0],
[1330149600000,0],
[1330236000000,0],
[1330322400000,0],
[1330408800000,-0.717086847872],
[1330495200000,-0.201825561002],
[1330581600000,0],
[1330668000000,-0.815126046538],
[1330754400000,0],
[1330840800000,0],
[1330927200000,-1.04811830819],
[1331013600000,0],
[1331100000000,0],
[1331186400000,0],
[1331272800000,0],
[1331359200000,0],
[1331445600000,0],
[1331528400000,0],
[1331614800000,0],
[1331701200000,0],
[1331787600000,3.62644080818],
[1331874000000,0],
[1331960400000,0],
[1332046800000,0],
[1332133200000,0],
[1332219600000,-0.20000000298],
[1332306000000,0],
[1332392400000,0],
[1332478800000,0],
[1332565200000,0],
[1332651600000,0],
[1332738000000,0.0769230797887],
[1332824400000,0],
[1332910800000,0],
[1332997200000,0],
[1333083600000,2.48658221215],
[1333170000000,0],
[1333256400000,0],
[1333342800000,0],
[1333429200000,-0.181818187237],
[1333515600000,0],
[1333602000000,0.933333337307],
[1333688400000,0],
[1333774800000,0],
[1333861200000,0],
[1333947600000,0],
[1334034000000,0],
[1334120400000,0],
[1334206800000,-0.0707070678473],
[1334293200000,0],
[1334379600000,0],
[1334466000000,0],
[1334552400000,0],
[1334638800000,0],
[1334725200000,0],
[1334811600000,0],
[1334898000000,0],
[1334984400000,0],
[1335070800000,0],
[1335157200000,0.0097087379545],
[1335243600000,0],
[1335330000000,0],
[1335416400000,0],
[1335502800000,0],
[1335589200000,0],
[1335675600000,0],
[1335762000000,0],
[1335848400000,0.13846154511],
[1335934800000,0.333333343267],
[1336021200000,-0.17194571346],
[1336107600000,0],
[1336194000000,0],
[1336280400000,0],
[1336366800000,-0.666666686535],
[1336453200000,0],
[1336539600000,0],
[1336626000000,0],
[1336712400000,0.0344827584922],
[1336798800000,0],
[1336885200000,0],
[1336971600000,-0.812834218144],
[1337058000000,0],
[1337144400000,0],
[1337230800000,-0.258064508438],
[1337317200000,0],
[1337403600000,0],
[1337490000000,0],
[1337576400000,0],
[1337662800000,0],
[1337749200000,0],
[1337835600000,0],
[1337922000000,0],
[1338008400000,0],
[1338094800000,0],
[1338181200000,0.197802200913],
[1338267600000,0],
[1338354000000,0],
[1338440400000,0],
[1338526800000,0],
[1338613200000,0],
[1338699600000,0],
[1338786000000,0],
[1338872400000,0.0],
[1338958800000,0],
[1339045200000,0.915254235268],
[1339131600000,0],
[1339218000000,0],
[1339304400000,0],
[1339390800000,2.0],
[1339477200000,0],
[1339563600000,0],
[1339650000000,0],
[1339736400000,0],
[1339822800000,0],
[1339909200000,0],
[1339995600000,0],
[1340082000000,0],
[1340168400000,0],
[1340254800000,-0.0796460211277],
[1340341200000,0.532356545329],
[1340427600000,-0.0120481923223],
[1340514000000,0],
[1340600400000,-1.33333337307],
[1340686800000,-0.074074074626],
[1340773200000,0],
[1340859600000,0],
[1340946000000,-0.166666671634],
[1341032400000,0],
[1341118800000,0],
[1341205200000,0.745098054409],
[1341291600000,0],
[1341378000000,0],
[1341464400000,0],
[1341550800000,0],
[1341637200000,0],
[1341723600000,0],
[1341810000000,0],
[1341896400000,0],
[1341982800000,0],
[1342069200000,0],
[1342155600000,0],
[1342242000000,0],
[1342328400000,0],
[1342414800000,0],
[1342501200000,0],
[1342587600000,0],
[1342674000000,-0.0285714287311],
[1342760400000,0],
[1342846800000,0],
[1342933200000,0],
[1343019600000,0],
[1343106000000,8.328125],
[1343192400000,0],
[1343278800000,0],
[1343365200000,0],
[1343451600000,-0.439999997616],
[1343538000000,0],
[1343624400000,1.12075158954],
[1343710800000,0.546237751842],
[1343797200000,0.272727280855],
[1343883600000,-0.358803991228],
[1343970000000,1.59574466944],
[1344056400000,1.8648648262],
[1344142800000,0],
[1344229200000,0],
[1344315600000,0],
[1344402000000,0],
[1344488400000,0.0454545468092],
[1344574800000,0],
[1344661200000,0.238095238805],
[1344747600000,0],
[1344834000000,2.06521734595],
[1344920400000,0.365750536323],
[1345006800000,0.25],
[1345093200000,0],
[1345179600000,0],
[1345266000000,0],
[1345352400000,0],
[1345438800000,0],
[1345525200000,0.449999988079],
[1345611600000,0],
[1345698000000,0.253333330154],
[1345784400000,0],
[1345870800000,0],
[1345957200000,0],
[1346043600000,0],
[1346130000000,0],
[1346216400000,0],
[1346302800000,0],
[1346389200000,-0.0256410259753],
[1346475600000,0],
[1346562000000,0],
[1346648400000,0],
[1346734800000,0],
[1346821200000,0],
[1346907600000,0.401869148016],
[1346994000000,0],
[1347080400000,0],
[1347166800000,0],
[1347253200000,0],
[1347339600000,-0.0151515156031],
[1347426000000,0],
[1347512400000,0],
[1347598800000,0],
[1347685200000,0],
[1347771600000,0],
[1347858000000,0.146341457963],
[1347944400000,0],
[1348030800000,0],
[1348117200000,0],
[1348203600000,0],
[1348290000000,0],
[1348376400000,0],
[1348462800000,0],
[1348549200000,0],
[1348635600000,0],
[1348722000000,0],
[1348808400000,0],
[1348894800000,0],
[1348981200000,0],
[1349067600000,0.177570089698],
[1349154000000,0],
[1349240400000,0.0526315793395],
[1349326800000,0],
[1349413200000,0],
[1349499600000,0],
[1349586000000,0],
[1349672400000,0.159090906382],
[1349758800000,0],
[1349845200000,0],
[1349931600000,0.714285746217],
[1350018000000,0],
[1350104400000,0],
[1350190800000,0],
[1350277200000,0],
[1350363600000,0],
[1350450000000,0],
[1350536400000,0],
[1350622800000,0],
[1350709200000,0],
[1350795600000,0],
[1350882000000,0],
[1350968400000,0],
[1351054800000,0],
[1351141200000,0.425459697843],
[1351227600000,0],
[1351314000000,0],
[1351400400000,0],
[1351486800000,0],
[1351573200000,0],
[1351659600000,0.571428582072],
[1351746000000,0],
[1351832400000,0],
[1351918800000,0],
[1352005200000,0],
[1352095200000,0],
[1352181600000,0],
[1352268000000,-0.137254908681],
[1352354400000,0.294452989474],
[1352440800000,-0.0769230797887],
[1352527200000,0],
[1352613600000,0],
[1352700000000,0],
[1352786400000,0],
[1352872800000,0],
[1352959200000,-0.147540986538],
[1353045600000,1.03785836697],
[1353132000000,0],
[1353218400000,0],
[1353304800000,-0.315789461136],
[1353391200000,0],
[1353477600000,0],
[1353564000000,0.0],
[1353650400000,0],
[1353736800000,0],
[1353823200000,0],
[1353909600000,0],
[1353996000000,0],
[1354082400000,0],
[1354168800000,0],
[1354255200000,1.42221787199],
[1354341600000,0],
[1354428000000,0],
[1354514400000,0.00418387586251],
[1354600800000,0],
[1354687200000,0],
[1354773600000,0],
[1354860000000,0],
[1354946400000,0],
[1355032800000,0],
[1355119200000,0.521419040859],
[1355205600000,0],
[1355292000000,0],
[1355378400000,0],
[1355464800000,0.438848912716],
[1355551200000,0],
[1355637600000,0],
[1355724000000,0],
[1355810400000,0],
[1355896800000,0.54545456171],
[1355983200000,0],
[1356069600000,0],
[1356156000000,0.448979586363],
[1356242400000,0],
[1356328800000,0],
[1356415200000,0],
[1356501600000,0],
[1356588000000,0.759689927101],
[1356674400000,0],
[1356760800000,0],
[1356847200000,0],
[1356933600000,0],
[1357020000000,0],
[1357106400000,0],
[1357192800000,0],
[1357279200000,0],
[1357365600000,0],
[1357452000000,0],
[1357538400000,0],
[1357624800000,0],
[1357711200000,0],
[1357797600000,0],
[1357884000000,0.0714285746217],
[1357970400000,-0.88988853991],
[1358056800000,0],
[1358143200000,-0.90912778303],
[1358229600000,0],
[1358316000000,0],
[1358402400000,0],
[1358488800000,0],
[1358575200000,0],
[1358661600000,0],
[1358748000000,0],
[1358834400000,0],
[1358920800000,0],
[1359007200000,0],
[1359093600000,0],
[1359180000000,0],
[1359266400000,0],
[1359352800000,0],
[1359439200000,0],
[1359525600000,0],
[1359612000000,0],
[1359698400000,0],
[1359784800000,0],
[1359871200000,0],
[1359957600000,0],
[1360044000000,0],
[1360130400000,0],
[1360216800000,0.682443231344],
[1360303200000,0],
[1360389600000,0],
[1360476000000,0],
[1360562400000,0],
[1360648800000,0.0136986300349],
[1360735200000,0],
[1360821600000,0],
[1360908000000,0],
[1360994400000,0],
[1361080800000,0],
[1361167200000,0],
[1361253600000,0],
[1361340000000,0],
[1361426400000,0],
[1361512800000,0.300000011921],
[1361599200000,0],
[1361685600000,0],
[1361772000000,0],
[1361858400000,0],
[1361944800000,0.0972222238779],
[1362031200000,0]
]
