[
[1319086800000,0],
[1319173200000,0],
[1319259600000,0],
[1319346000000,4],
[1319432400000,7],
[1319518800000,14],
[1319605200000,8],
[1319691600000,8],
[1319778000000,9],
[1319864400000,4],
[1319950800000,0],
[1320037200000,15],
[1320123600000,5],
[1320210000000,3],
[1320296400000,25],
[1320382800000,31],
[1320469200000,3],
[1320555600000,15],
[1320645600000,46],
[1320732000000,8],
[1320818400000,13],
[1320904800000,2],
[1320991200000,8],
[1321077600000,5],
[1321164000000,0],
[1321250400000,12],
[1321336800000,9],
[1321423200000,20],
[1321509600000,5],
[1321596000000,13],
[1321682400000,3],
[1321768800000,7],
[1321855200000,5],
[1321941600000,17],
[1322028000000,8],
[1322114400000,12],
[1322200800000,8],
[1322287200000,3],
[1322373600000,6],
[1322460000000,11],
[1322546400000,11],
[1322632800000,9],
[1322719200000,10],
[1322805600000,15],
[1322892000000,1],
[1322978400000,2],
[1323064800000,6],
[1323151200000,4],
[1323237600000,2],
[1323324000000,3],
[1323410400000,5],
[1323496800000,9],
[1323583200000,3],
[1323669600000,1],
[1323756000000,6],
[1323842400000,7],
[1323928800000,5],
[1324015200000,4],
[1324101600000,3],
[1324188000000,1],
[1324274400000,4],
[1324360800000,6],
[1324447200000,13],
[1324533600000,28],
[1324620000000,12],
[1324706400000,1],
[1324792800000,1],
[1324879200000,3],
[1324965600000,10],
[1325052000000,5],
[1325138400000,2],
[1325224800000,10],
[1325311200000,9],
[1325397600000,2],
[1325484000000,6],
[1325570400000,4],
[1325656800000,6],
[1325743200000,6],
[1325829600000,3],
[1325916000000,4],
[1326002400000,2],
[1326088800000,11],
[1326175200000,7],
[1326261600000,4],
[1326348000000,9],
[1326434400000,16],
[1326520800000,7],
[1326607200000,3],
[1326693600000,7],
[1326780000000,18],
[1326866400000,3],
[1326952800000,54],
[1327039200000,10],
[1327125600000,3],
[1327212000000,4],
[1327298400000,6],
[1327384800000,4],
[1327471200000,72],
[1327557600000,5],
[1327644000000,5],
[1327730400000,1],
[1327816800000,3],
[1327903200000,5],
[1327989600000,4],
[1328076000000,6],
[1328162400000,13],
[1328248800000,5],
[1328335200000,4],
[1328421600000,1],
[1328508000000,7],
[1328594400000,7],
[1328680800000,11],
[1328767200000,2],
[1328853600000,2],
[1328940000000,1],
[1329026400000,2],
[1329112800000,8],
[1329199200000,20],
[1329285600000,23],
[1329372000000,9],
[1329458400000,15],
[1329544800000,1],
[1329631200000,3],
[1329717600000,13],
[1329804000000,36],
[1329890400000,17],
[1329976800000,6],
[1330063200000,7],
[1330149600000,10],
[1330236000000,8],
[1330322400000,12],
[1330408800000,7],
[1330495200000,9],
[1330581600000,11],
[1330668000000,23],
[1330754400000,3],
[1330840800000,7],
[1330927200000,10],
[1331013600000,15],
[1331100000000,228],
[1331186400000,55],
[1331272800000,3],
[1331359200000,6],
[1331445600000,3],
[1331528400000,9],
[1331614800000,12],
[1331701200000,13],
[1331787600000,15],
[1331874000000,9],
[1331960400000,3],
[1332046800000,1],
[1332133200000,31],
[1332219600000,9],
[1332306000000,17],
[1332392400000,88],
[1332478800000,99],
[1332565200000,4],
[1332651600000,4],
[1332738000000,12],
[1332824400000,12],
[1332910800000,28],
[1332997200000,21],
[1333083600000,41],
[1333170000000,8],
[1333256400000,2],
[1333342800000,9],
[1333429200000,16],
[1333515600000,15],
[1333602000000,22],
[1333688400000,7],
[1333774800000,7],
[1333861200000,55],
[1333947600000,9],
[1334034000000,16],
[1334120400000,6],
[1334206800000,61],
[1334293200000,4],
[1334379600000,36],
[1334466000000,18],
[1334552400000,10],
[1334638800000,7],
[1334725200000,7],
[1334811600000,5],
[1334898000000,10],
[1334984400000,3],
[1335070800000,4],
[1335157200000,5],
[1335243600000,8],
[1335330000000,5],
[1335416400000,4],
[1335502800000,18],
[1335589200000,5],
[1335675600000,9],
[1335762000000,155],
[1335848400000,43],
[1335934800000,9],
[1336021200000,28],
[1336107600000,20],
[1336194000000,15],
[1336280400000,1],
[1336366800000,27],
[1336453200000,5],
[1336539600000,5],
[1336626000000,13],
[1336712400000,11],
[1336798800000,11],
[1336885200000,32],
[1336971600000,7],
[1337058000000,9],
[1337144400000,14],
[1337230800000,16],
[1337317200000,11],
[1337403600000,2],
[1337490000000,3],
[1337576400000,5],
[1337662800000,7],
[1337749200000,32],
[1337835600000,26],
[1337922000000,10],
[1338008400000,2],
[1338094800000,2],
[1338181200000,6],
[1338267600000,7],
[1338354000000,8],
[1338440400000,12],
[1338526800000,9],
[1338613200000,2],
[1338699600000,9],
[1338786000000,10],
[1338872400000,16],
[1338958800000,20],
[1339045200000,22],
[1339131600000,23],
[1339218000000,29],
[1339304400000,53],
[1339390800000,17],
[1339477200000,23],
[1339563600000,13],
[1339650000000,12],
[1339736400000,10],
[1339822800000,3],
[1339909200000,1],
[1339995600000,156],
[1340082000000,327],
[1340168400000,132],
[1340254800000,37],
[1340341200000,33],
[1340427600000,20],
[1340514000000,7],
[1340600400000,27],
[1340686800000,27],
[1340773200000,20],
[1340859600000,14],
[1340946000000,24],
[1341032400000,5],
[1341118800000,27],
[1341205200000,60],
[1341291600000,10],
[1341378000000,7],
[1341464400000,18],
[1341550800000,11],
[1341637200000,6],
[1341723600000,13],
[1341810000000,24],
[1341896400000,15],
[1341982800000,38],
[1342069200000,25],
[1342155600000,44],
[1342242000000,47],
[1342328400000,57],
[1342414800000,74],
[1342501200000,21],
[1342587600000,50],
[1342674000000,54],
[1342760400000,45],
[1342846800000,16],
[1342933200000,15],
[1343019600000,48],
[1343106000000,77],
[1343192400000,39],
[1343278800000,54],
[1343365200000,182],
[1343451600000,19],
[1343538000000,19],
[1343624400000,20],
[1343710800000,21],
[1343797200000,23],
[1343883600000,132],
[1343970000000,57],
[1344056400000,84],
[1344142800000,27],
[1344229200000,29],
[1344315600000,33],
[1344402000000,22],
[1344488400000,22],
[1344574800000,21],
[1344661200000,22],
[1344747600000,10],
[1344834000000,37],
[1344920400000,18],
[1345006800000,17],
[1345093200000,28],
[1345179600000,19],
[1345266000000,8],
[1345352400000,5],
[1345438800000,8],
[1345525200000,22],
[1345611600000,7],
[1345698000000,12],
[1345784400000,11],
[1345870800000,4],
[1345957200000,4],
[1346043600000,8],
[1346130000000,8],
[1346216400000,15],
[1346302800000,12],
[1346389200000,10],
[1346475600000,3],
[1346562000000,11],
[1346648400000,35],
[1346734800000,15],
[1346821200000,17],
[1346907600000,4],
[1346994000000,6],
[1347080400000,9],
[1347166800000,6],
[1347253200000,7],
[1347339600000,13],
[1347426000000,15],
[1347512400000,19],
[1347598800000,21],
[1347685200000,23],
[1347771600000,14],
[1347858000000,19],
[1347944400000,8],
[1348030800000,13],
[1348117200000,29],
[1348203600000,103],
[1348290000000,10],
[1348376400000,2],
[1348462800000,18],
[1348549200000,12],
[1348635600000,20],
[1348722000000,14],
[1348808400000,93],
[1348894800000,4],
[1348981200000,2],
[1349067600000,7],
[1349154000000,9],
[1349240400000,14],
[1349326800000,7],
[1349413200000,5],
[1349499600000,3],
[1349586000000,3],
[1349672400000,13],
[1349758800000,6],
[1349845200000,7],
[1349931600000,9],
[1350018000000,14],
[1350104400000,7],
[1350190800000,4],
[1350277200000,8],
[1350363600000,92],
[1350450000000,38],
[1350536400000,22],
[1350622800000,14],
[1350709200000,10],
[1350795600000,7],
[1350882000000,6],
[1350968400000,19],
[1351054800000,33],
[1351141200000,9],
[1351227600000,60],
[1351314000000,5],
[1351400400000,5],
[1351486800000,7],
[1351573200000,93],
[1351659600000,8],
[1351746000000,10],
[1351832400000,9],
[1351918800000,3],
[1352005200000,1],
[1352095200000,5],
[1352181600000,9],
[1352268000000,9],
[1352354400000,138],
[1352440800000,29],
[1352527200000,2],
[1352613600000,4],
[1352700000000,26],
[1352786400000,14],
[1352872800000,21],
[1352959200000,10],
[1353045600000,11],
[1353132000000,4],
[1353218400000,1],
[1353304800000,4],
[1353391200000,11],
[1353477600000,30],
[1353564000000,18],
[1353650400000,43],
[1353736800000,9],
[1353823200000,6],
[1353909600000,10],
[1353996000000,18],
[1354082400000,25],
[1354168800000,10],
[1354255200000,8],
[1354341600000,6],
[1354428000000,1],
[1354514400000,5],
[1354600800000,16],
[1354687200000,17],
[1354773600000,5],
[1354860000000,10],
[1354946400000,4],
[1355032800000,2],
[1355119200000,10],
[1355205600000,8],
[1355292000000,19],
[1355378400000,5],
[1355464800000,35],
[1355551200000,17],
[1355637600000,4],
[1355724000000,10],
[1355810400000,7],
[1355896800000,8],
[1355983200000,14],
[1356069600000,15],
[1356156000000,6],
[1356242400000,2],
[1356328800000,4],
[1356415200000,1],
[1356501600000,5],
[1356588000000,11],
[1356674400000,8],
[1356760800000,9],
[1356847200000,0],
[1356933600000,2],
[1357020000000,4],
[1357106400000,13],
[1357192800000,18],
[1357279200000,3],
[1357365600000,1],
[1357452000000,1],
[1357538400000,7],
[1357624800000,1],
[1357711200000,10],
[1357797600000,7],
[1357884000000,9],
[1357970400000,3],
[1358056800000,3],
[1358143200000,7],
[1358229600000,8],
[1358316000000,22],
[1358402400000,15],
[1358488800000,10],
[1358575200000,1],
[1358661600000,54],
[1358748000000,4],
[1358834400000,5],
[1358920800000,4],
[1359007200000,6],
[1359093600000,16],
[1359180000000,2],
[1359266400000,3],
[1359352800000,7],
[1359439200000,3],
[1359525600000,8],
[1359612000000,4],
[1359698400000,10],
[1359784800000,3],
[1359871200000,5],
[1359957600000,4],
[1360044000000,4],
[1360130400000,13],
[1360216800000,44],
[1360303200000,9],
[1360389600000,8],
[1360476000000,5],
[1360562400000,8],
[1360648800000,56],
[1360735200000,16],
[1360821600000,37],
[1360908000000,78],
[1360994400000,5],
[1361080800000,2],
[1361167200000,9],
[1361253600000,5],
[1361340000000,12],
[1361426400000,7],
[1361512800000,11],
[1361599200000,2],
[1361685600000,5],
[1361772000000,4],
[1361858400000,9],
[1361944800000,42],
[1362031200000,9]
]
