[
[1319086800000,0],
[1319173200000,0],
[1319259600000,1],
[1319346000000,4],
[1319432400000,7],
[1319518800000,14],
[1319605200000,16],
[1319691600000,15],
[1319778000000,8],
[1319864400000,7],
[1319950800000,4],
[1320037200000,9],
[1320123600000,8],
[1320210000000,9],
[1320296400000,11],
[1320382800000,2],
[1320469200000,2],
[1320555600000,3],
[1320645600000,17],
[1320732000000,10],
[1320818400000,24],
[1320904800000,7],
[1320991200000,86],
[1321077600000,2],
[1321164000000,3],
[1321250400000,25],
[1321336800000,27],
[1321423200000,15],
[1321509600000,21],
[1321596000000,23],
[1321682400000,1],
[1321768800000,3],
[1321855200000,13],
[1321941600000,5],
[1322028000000,14],
[1322114400000,22],
[1322200800000,10],
[1322287200000,3],
[1322373600000,1],
[1322460000000,2],
[1322546400000,7],
[1322632800000,15],
[1322719200000,9],
[1322805600000,8],
[1322892000000,1],
[1322978400000,1],
[1323064800000,9],
[1323151200000,7],
[1323237600000,3],
[1323324000000,13],
[1323410400000,12],
[1323496800000,3],
[1323583200000,1],
[1323669600000,11],
[1323756000000,12],
[1323842400000,8],
[1323928800000,7],
[1324015200000,9],
[1324101600000,2],
[1324188000000,2],
[1324274400000,4],
[1324360800000,9],
[1324447200000,6],
[1324533600000,5],
[1324620000000,3],
[1324706400000,0],
[1324792800000,3],
[1324879200000,0],
[1324965600000,4],
[1325052000000,2],
[1325138400000,0],
[1325224800000,8],
[1325311200000,1],
[1325397600000,1],
[1325484000000,21],
[1325570400000,4],
[1325656800000,10],
[1325743200000,5],
[1325829600000,7],
[1325916000000,0],
[1326002400000,1],
[1326088800000,2],
[1326175200000,5],
[1326261600000,10],
[1326348000000,4],
[1326434400000,6],
[1326520800000,5],
[1326607200000,0],
[1326693600000,5],
[1326780000000,7],
[1326866400000,7],
[1326952800000,7],
[1327039200000,2],
[1327125600000,4],
[1327212000000,3],
[1327298400000,4],
[1327384800000,59],
[1327471200000,63],
[1327557600000,6],
[1327644000000,3],
[1327730400000,0],
[1327816800000,1],
[1327903200000,13],
[1327989600000,1],
[1328076000000,6],
[1328162400000,10],
[1328248800000,9],
[1328335200000,1],
[1328421600000,2],
[1328508000000,4],
[1328594400000,10],
[1328680800000,7],
[1328767200000,10],
[1328853600000,2],
[1328940000000,11],
[1329026400000,13],
[1329112800000,20],
[1329199200000,17],
[1329285600000,15],
[1329372000000,28],
[1329458400000,3],
[1329544800000,0],
[1329631200000,3],
[1329717600000,2],
[1329804000000,5],
[1329890400000,73],
[1329976800000,45],
[1330063200000,10],
[1330149600000,0],
[1330236000000,3],
[1330322400000,8],
[1330408800000,1],
[1330495200000,1],
[1330581600000,6],
[1330668000000,7],
[1330754400000,2],
[1330840800000,6],
[1330927200000,36],
[1331013600000,17],
[1331100000000,25],
[1331186400000,16],
[1331272800000,10],
[1331359200000,4],
[1331445600000,5],
[1331528400000,6],
[1331614800000,12],
[1331701200000,13],
[1331787600000,8],
[1331874000000,14],
[1331960400000,2],
[1332046800000,4],
[1332133200000,7],
[1332219600000,10],
[1332306000000,4],
[1332392400000,6],
[1332478800000,9],
[1332565200000,3],
[1332651600000,7],
[1332738000000,3],
[1332824400000,10],
[1332910800000,12],
[1332997200000,14],
[1333083600000,6],
[1333170000000,5],
[1333256400000,6],
[1333342800000,22],
[1333429200000,25],
[1333515600000,15],
[1333602000000,16],
[1333688400000,1],
[1333774800000,3],
[1333861200000,2],
[1333947600000,5],
[1334034000000,3],
[1334120400000,7],
[1334206800000,3],
[1334293200000,2],
[1334379600000,3],
[1334466000000,1],
[1334552400000,16],
[1334638800000,40],
[1334725200000,35],
[1334811600000,9],
[1334898000000,2],
[1334984400000,3],
[1335070800000,2],
[1335157200000,7],
[1335243600000,10],
[1335330000000,40],
[1335416400000,57],
[1335502800000,23],
[1335589200000,9],
[1335675600000,10],
[1335762000000,6],
[1335848400000,7],
[1335934800000,4],
[1336021200000,12],
[1336107600000,5],
[1336194000000,8],
[1336280400000,10],
[1336366800000,9],
[1336453200000,0],
[1336539600000,58],
[1336626000000,13],
[1336712400000,9],
[1336798800000,7],
[1336885200000,14],
[1336971600000,20],
[1337058000000,36],
[1337144400000,21],
[1337230800000,28],
[1337317200000,88],
[1337403600000,125],
[1337490000000,97],
[1337576400000,47],
[1337662800000,13],
[1337749200000,8],
[1337835600000,10],
[1337922000000,8],
[1338008400000,10],
[1338094800000,1],
[1338181200000,11],
[1338267600000,5],
[1338354000000,10],
[1338440400000,22],
[1338526800000,7],
[1338613200000,7],
[1338699600000,1],
[1338786000000,7],
[1338872400000,8],
[1338958800000,10],
[1339045200000,7],
[1339131600000,4],
[1339218000000,3],
[1339304400000,5],
[1339390800000,8],
[1339477200000,7],
[1339563600000,12],
[1339650000000,2],
[1339736400000,1],
[1339822800000,1],
[1339909200000,6],
[1339995600000,6],
[1340082000000,9],
[1340168400000,15],
[1340254800000,10],
[1340341200000,6],
[1340427600000,17],
[1340514000000,8],
[1340600400000,13],
[1340686800000,1],
[1340773200000,19],
[1340859600000,7],
[1340946000000,6],
[1341032400000,2],
[1341118800000,3],
[1341205200000,8],
[1341291600000,14],
[1341378000000,10],
[1341464400000,12],
[1341550800000,10],
[1341637200000,22],
[1341723600000,22],
[1341810000000,18],
[1341896400000,28],
[1341982800000,23],
[1342069200000,10],
[1342155600000,7],
[1342242000000,2],
[1342328400000,1],
[1342414800000,5],
[1342501200000,8],
[1342587600000,15],
[1342674000000,6],
[1342760400000,8],
[1342846800000,0],
[1342933200000,1],
[1343019600000,8],
[1343106000000,13],
[1343192400000,4],
[1343278800000,6],
[1343365200000,9],
[1343451600000,6],
[1343538000000,4],
[1343624400000,2],
[1343710800000,9],
[1343797200000,4],
[1343883600000,19],
[1343970000000,45],
[1344056400000,5],
[1344142800000,6],
[1344229200000,6],
[1344315600000,2],
[1344402000000,4],
[1344488400000,7],
[1344574800000,12],
[1344661200000,7],
[1344747600000,5],
[1344834000000,10],
[1344920400000,6],
[1345006800000,11],
[1345093200000,13],
[1345179600000,5],
[1345266000000,1],
[1345352400000,1],
[1345438800000,9],
[1345525200000,3],
[1345611600000,12],
[1345698000000,6],
[1345784400000,5],
[1345870800000,0],
[1345957200000,4],
[1346043600000,6],
[1346130000000,1],
[1346216400000,5],
[1346302800000,17],
[1346389200000,6],
[1346475600000,10],
[1346562000000,4],
[1346648400000,5],
[1346734800000,9],
[1346821200000,7],
[1346907600000,11],
[1346994000000,3],
[1347080400000,0],
[1347166800000,11],
[1347253200000,11],
[1347339600000,6],
[1347426000000,14],
[1347512400000,9],
[1347598800000,6],
[1347685200000,9],
[1347771600000,6],
[1347858000000,15],
[1347944400000,14],
[1348030800000,15],
[1348117200000,10],
[1348203600000,7],
[1348290000000,2],
[1348376400000,6],
[1348462800000,6],
[1348549200000,7],
[1348635600000,28],
[1348722000000,3],
[1348808400000,3],
[1348894800000,0],
[1348981200000,2],
[1349067600000,4],
[1349154000000,7],
[1349240400000,7],
[1349326800000,9],
[1349413200000,9],
[1349499600000,6],
[1349586000000,8],
[1349672400000,24],
[1349758800000,7],
[1349845200000,156],
[1349931600000,6],
[1350018000000,4],
[1350104400000,2],
[1350190800000,3],
[1350277200000,2],
[1350363600000,7],
[1350450000000,9],
[1350536400000,4],
[1350622800000,13],
[1350709200000,5],
[1350795600000,2],
[1350882000000,5],
[1350968400000,11],
[1351054800000,11],
[1351141200000,6],
[1351227600000,13],
[1351314000000,4],
[1351400400000,3],
[1351486800000,9],
[1351573200000,14],
[1351659600000,13],
[1351746000000,11],
[1351832400000,9],
[1351918800000,2],
[1352005200000,3],
[1352095200000,8],
[1352181600000,10],
[1352268000000,16],
[1352354400000,39],
[1352440800000,90],
[1352527200000,8],
[1352613600000,7],
[1352700000000,13],
[1352786400000,24],
[1352872800000,8],
[1352959200000,8],
[1353045600000,4],
[1353132000000,6],
[1353218400000,0],
[1353304800000,9],
[1353391200000,3],
[1353477600000,15],
[1353564000000,3],
[1353650400000,5],
[1353736800000,6],
[1353823200000,4],
[1353909600000,7],
[1353996000000,3],
[1354082400000,15],
[1354168800000,72],
[1354255200000,5],
[1354341600000,5],
[1354428000000,5],
[1354514400000,7],
[1354600800000,5],
[1354687200000,16],
[1354773600000,17],
[1354860000000,7],
[1354946400000,1],
[1355032800000,3],
[1355119200000,7],
[1355205600000,11],
[1355292000000,4],
[1355378400000,3],
[1355464800000,11],
[1355551200000,4],
[1355637600000,11],
[1355724000000,18],
[1355810400000,9],
[1355896800000,14],
[1355983200000,21],
[1356069600000,12],
[1356156000000,7],
[1356242400000,1],
[1356328800000,6],
[1356415200000,2],
[1356501600000,3],
[1356588000000,4],
[1356674400000,12],
[1356760800000,1],
[1356847200000,2],
[1356933600000,3],
[1357020000000,0],
[1357106400000,3],
[1357192800000,9],
[1357279200000,6],
[1357365600000,2],
[1357452000000,1],
[1357538400000,5],
[1357624800000,4],
[1357711200000,7],
[1357797600000,6],
[1357884000000,5],
[1357970400000,0],
[1358056800000,2],
[1358143200000,7],
[1358229600000,15],
[1358316000000,5],
[1358402400000,15],
[1358488800000,6],
[1358575200000,5],
[1358661600000,7],
[1358748000000,7],
[1358834400000,0],
[1358920800000,0],
[1359007200000,11],
[1359093600000,7],
[1359180000000,8],
[1359266400000,4],
[1359352800000,12],
[1359439200000,5],
[1359525600000,16],
[1359612000000,3],
[1359698400000,3],
[1359784800000,9],
[1359871200000,0],
[1359957600000,11],
[1360044000000,4],
[1360130400000,6],
[1360216800000,6],
[1360303200000,5],
[1360389600000,11],
[1360476000000,12],
[1360562400000,8],
[1360648800000,10],
[1360735200000,5],
[1360821600000,11],
[1360908000000,34],
[1360994400000,38],
[1361080800000,34],
[1361167200000,13],
[1361253600000,18],
[1361340000000,13],
[1361426400000,28],
[1361512800000,12],
[1361599200000,18],
[1361685600000,4],
[1361772000000,15],
[1361858400000,7],
[1361944800000,7],
[1362031200000,13]
]
