[
[1319086800000,0],
[1319173200000,0],
[1319259600000,2],
[1319346000000,11],
[1319432400000,66],
[1319518800000,67],
[1319605200000,55],
[1319691600000,135],
[1319778000000,85],
[1319864400000,6],
[1319950800000,2],
[1320037200000,99],
[1320123600000,188],
[1320210000000,97],
[1320296400000,135],
[1320382800000,99],
[1320469200000,5],
[1320555600000,4],
[1320645600000,110],
[1320732000000,90],
[1320818400000,125],
[1320904800000,88],
[1320991200000,74],
[1321077600000,6],
[1321164000000,1],
[1321250400000,70],
[1321336800000,55],
[1321423200000,77],
[1321509600000,62],
[1321596000000,67],
[1321682400000,3],
[1321768800000,1],
[1321855200000,79],
[1321941600000,72],
[1322028000000,62],
[1322114400000,65],
[1322200800000,83],
[1322287200000,7],
[1322373600000,1],
[1322460000000,77],
[1322546400000,69],
[1322632800000,143],
[1322719200000,81],
[1322805600000,59],
[1322892000000,5],
[1322978400000,3],
[1323064800000,69],
[1323151200000,90],
[1323237600000,80],
[1323324000000,99],
[1323410400000,75],
[1323496800000,6],
[1323583200000,1],
[1323669600000,84],
[1323756000000,73],
[1323842400000,81],
[1323928800000,62],
[1324015200000,64],
[1324101600000,3],
[1324188000000,0],
[1324274400000,70],
[1324360800000,89],
[1324447200000,93],
[1324533600000,63],
[1324620000000,53],
[1324706400000,6],
[1324792800000,1],
[1324879200000,5],
[1324965600000,37],
[1325052000000,70],
[1325138400000,66],
[1325224800000,68],
[1325311200000,15],
[1325397600000,4],
[1325484000000,77],
[1325570400000,93],
[1325656800000,76],
[1325743200000,85],
[1325829600000,79],
[1325916000000,2],
[1326002400000,2],
[1326088800000,81],
[1326175200000,74],
[1326261600000,85],
[1326348000000,60],
[1326434400000,96],
[1326520800000,18],
[1326607200000,1],
[1326693600000,86],
[1326780000000,88],
[1326866400000,60],
[1326952800000,66],
[1327039200000,61],
[1327125600000,14],
[1327212000000,5],
[1327298400000,65],
[1327384800000,71],
[1327471200000,57],
[1327557600000,56],
[1327644000000,62],
[1327730400000,1],
[1327816800000,1],
[1327903200000,70],
[1327989600000,86],
[1328076000000,81],
[1328162400000,87],
[1328248800000,108],
[1328335200000,8],
[1328421600000,0],
[1328508000000,68],
[1328594400000,60],
[1328680800000,59],
[1328767200000,52],
[1328853600000,74],
[1328940000000,8],
[1329026400000,0],
[1329112800000,78],
[1329199200000,64],
[1329285600000,64],
[1329372000000,60],
[1329458400000,58],
[1329544800000,2],
[1329631200000,1],
[1329717600000,50],
[1329804000000,64],
[1329890400000,73],
[1329976800000,59],
[1330063200000,55],
[1330149600000,1],
[1330236000000,0],
[1330322400000,75],
[1330408800000,50],
[1330495200000,71],
[1330581600000,57],
[1330668000000,70],
[1330754400000,4],
[1330840800000,2],
[1330927200000,43],
[1331013600000,68],
[1331100000000,62],
[1331186400000,80],
[1331272800000,61],
[1331359200000,4],
[1331445600000,0],
[1331528400000,132],
[1331614800000,56],
[1331701200000,74],
[1331787600000,74],
[1331874000000,81],
[1331960400000,0],
[1332046800000,2],
[1332133200000,82],
[1332219600000,63],
[1332306000000,58],
[1332392400000,62],
[1332478800000,106],
[1332565200000,5],
[1332651600000,8],
[1332738000000,103],
[1332824400000,57],
[1332910800000,52],
[1332997200000,63],
[1333083600000,71],
[1333170000000,7],
[1333256400000,4],
[1333342800000,79],
[1333429200000,96],
[1333515600000,109],
[1333602000000,88],
[1333688400000,4],
[1333774800000,2],
[1333861200000,1],
[1333947600000,78],
[1334034000000,112],
[1334120400000,86],
[1334206800000,69],
[1334293200000,73],
[1334379600000,1],
[1334466000000,4],
[1334552400000,69],
[1334638800000,59],
[1334725200000,49],
[1334811600000,80],
[1334898000000,70],
[1334984400000,2],
[1335070800000,0],
[1335157200000,98],
[1335243600000,89],
[1335330000000,67],
[1335416400000,63],
[1335502800000,92],
[1335589200000,6],
[1335675600000,2],
[1335762000000,60],
[1335848400000,4],
[1335934800000,80],
[1336021200000,46],
[1336107600000,63],
[1336194000000,5],
[1336280400000,4],
[1336366800000,154],
[1336453200000,86],
[1336539600000,74],
[1336626000000,71],
[1336712400000,64],
[1336798800000,11],
[1336885200000,1],
[1336971600000,124],
[1337058000000,143],
[1337144400000,100],
[1337230800000,61],
[1337317200000,109],
[1337403600000,11],
[1337490000000,3],
[1337576400000,53],
[1337662800000,56],
[1337749200000,97],
[1337835600000,77],
[1337922000000,78],
[1338008400000,0],
[1338094800000,1],
[1338181200000,49],
[1338267600000,63],
[1338354000000,78],
[1338440400000,50],
[1338526800000,112],
[1338613200000,11],
[1338699600000,2],
[1338786000000,162],
[1338872400000,64],
[1338958800000,75],
[1339045200000,72],
[1339131600000,76],
[1339218000000,8],
[1339304400000,3],
[1339390800000,130],
[1339477200000,72],
[1339563600000,66],
[1339650000000,86],
[1339736400000,64],
[1339822800000,4],
[1339909200000,7],
[1339995600000,116],
[1340082000000,82],
[1340168400000,93],
[1340254800000,73],
[1340341200000,80],
[1340427600000,7],
[1340514000000,2],
[1340600400000,113],
[1340686800000,84],
[1340773200000,94],
[1340859600000,115],
[1340946000000,101],
[1341032400000,6],
[1341118800000,8],
[1341205200000,97],
[1341291600000,54],
[1341378000000,49],
[1341464400000,110],
[1341550800000,116],
[1341637200000,18],
[1341723600000,2],
[1341810000000,58],
[1341896400000,65],
[1341982800000,70],
[1342069200000,54],
[1342155600000,70],
[1342242000000,11],
[1342328400000,5],
[1342414800000,60],
[1342501200000,53],
[1342587600000,60],
[1342674000000,74],
[1342760400000,69],
[1342846800000,4],
[1342933200000,4],
[1343019600000,109],
[1343106000000,107],
[1343192400000,65],
[1343278800000,108],
[1343365200000,124],
[1343451600000,11],
[1343538000000,10],
[1343624400000,61],
[1343710800000,49],
[1343797200000,41],
[1343883600000,115],
[1343970000000,67],
[1344056400000,6],
[1344142800000,3],
[1344229200000,54],
[1344315600000,35],
[1344402000000,52],
[1344488400000,43],
[1344574800000,38],
[1344661200000,2],
[1344747600000,2],
[1344834000000,66],
[1344920400000,88],
[1345006800000,121],
[1345093200000,84],
[1345179600000,67],
[1345266000000,4],
[1345352400000,2],
[1345438800000,67],
[1345525200000,86],
[1345611600000,144],
[1345698000000,86],
[1345784400000,79],
[1345870800000,16],
[1345957200000,27],
[1346043600000,84],
[1346130000000,106],
[1346216400000,71],
[1346302800000,57],
[1346389200000,79],
[1346475600000,4],
[1346562000000,4],
[1346648400000,69],
[1346734800000,91],
[1346821200000,86],
[1346907600000,196],
[1346994000000,113],
[1347080400000,10],
[1347166800000,6],
[1347253200000,63],
[1347339600000,80],
[1347426000000,90],
[1347512400000,88],
[1347598800000,72],
[1347685200000,9],
[1347771600000,8],
[1347858000000,58],
[1347944400000,84],
[1348030800000,63],
[1348117200000,70],
[1348203600000,61],
[1348290000000,6],
[1348376400000,3],
[1348462800000,72],
[1348549200000,59],
[1348635600000,141],
[1348722000000,72],
[1348808400000,62],
[1348894800000,4],
[1348981200000,6],
[1349067600000,76],
[1349154000000,71],
[1349240400000,62],
[1349326800000,48],
[1349413200000,54],
[1349499600000,3],
[1349586000000,3],
[1349672400000,67],
[1349758800000,58],
[1349845200000,66],
[1349931600000,73],
[1350018000000,70],
[1350104400000,3],
[1350190800000,6],
[1350277200000,70],
[1350363600000,62],
[1350450000000,56],
[1350536400000,61],
[1350622800000,53],
[1350709200000,5],
[1350795600000,11],
[1350882000000,70],
[1350968400000,81],
[1351054800000,54],
[1351141200000,60],
[1351227600000,73],
[1351314000000,5],
[1351400400000,5],
[1351486800000,60],
[1351573200000,69],
[1351659600000,75],
[1351746000000,60],
[1351832400000,55],
[1351918800000,3],
[1352005200000,4],
[1352095200000,206],
[1352181600000,154],
[1352268000000,150],
[1352354400000,81],
[1352440800000,71],
[1352527200000,9],
[1352613600000,7],
[1352700000000,74],
[1352786400000,71],
[1352872800000,62],
[1352959200000,66],
[1353045600000,87],
[1353132000000,34],
[1353218400000,4],
[1353304800000,88],
[1353391200000,94],
[1353477600000,68],
[1353564000000,52],
[1353650400000,77],
[1353736800000,5],
[1353823200000,3],
[1353909600000,58],
[1353996000000,78],
[1354082400000,50],
[1354168800000,52],
[1354255200000,76],
[1354341600000,15],
[1354428000000,5],
[1354514400000,59],
[1354600800000,88],
[1354687200000,45],
[1354773600000,76],
[1354860000000,72],
[1354946400000,1],
[1355032800000,5],
[1355119200000,67],
[1355205600000,76],
[1355292000000,51],
[1355378400000,49],
[1355464800000,44],
[1355551200000,1],
[1355637600000,4],
[1355724000000,35],
[1355810400000,32],
[1355896800000,37],
[1355983200000,30],
[1356069600000,28],
[1356156000000,1],
[1356242400000,1],
[1356328800000,10],
[1356415200000,0],
[1356501600000,2],
[1356588000000,34],
[1356674400000,42],
[1356760800000,3],
[1356847200000,1],
[1356933600000,24],
[1357020000000,1],
[1357106400000,72],
[1357192800000,37],
[1357279200000,39],
[1357365600000,1],
[1357452000000,9],
[1357538400000,46],
[1357624800000,27],
[1357711200000,42],
[1357797600000,40],
[1357884000000,37],
[1357970400000,5],
[1358056800000,9],
[1358143200000,97],
[1358229600000,41],
[1358316000000,24],
[1358402400000,39],
[1358488800000,33],
[1358575200000,2],
[1358661600000,3],
[1358748000000,26],
[1358834400000,39],
[1358920800000,18],
[1359007200000,33],
[1359093600000,41],
[1359180000000,2],
[1359266400000,2],
[1359352800000,27],
[1359439200000,24],
[1359525600000,15],
[1359612000000,31],
[1359698400000,34],
[1359784800000,4],
[1359871200000,3],
[1359957600000,38],
[1360044000000,36],
[1360130400000,32],
[1360216800000,30],
[1360303200000,34],
[1360389600000,2],
[1360476000000,1],
[1360562400000,19],
[1360648800000,32],
[1360735200000,34],
[1360821600000,33],
[1360908000000,37],
[1360994400000,0],
[1361080800000,5],
[1361167200000,35],
[1361253600000,37],
[1361340000000,17],
[1361426400000,29],
[1361512800000,20],
[1361599200000,2],
[1361685600000,1],
[1361772000000,26],
[1361858400000,47],
[1361944800000,28],
[1362031200000,64]
]
