[
[1319086800000,0],
[1319173200000,0],
[1319259600000,0],
[1319346000000,0],
[1319432400000,3],
[1319518800000,1],
[1319605200000,1],
[1319691600000,0],
[1319778000000,0],
[1319864400000,0],
[1319950800000,0],
[1320037200000,0],
[1320123600000,0],
[1320210000000,0],
[1320296400000,14],
[1320382800000,3],
[1320469200000,0],
[1320555600000,0],
[1320645600000,2],
[1320732000000,1],
[1320818400000,6],
[1320904800000,2],
[1320991200000,3],
[1321077600000,0],
[1321164000000,0],
[1321250400000,0],
[1321336800000,0],
[1321423200000,0],
[1321509600000,0],
[1321596000000,1],
[1321682400000,0],
[1321768800000,0],
[1321855200000,0],
[1321941600000,0],
[1322028000000,1],
[1322114400000,0],
[1322200800000,0],
[1322287200000,0],
[1322373600000,0],
[1322460000000,0],
[1322546400000,0],
[1322632800000,0],
[1322719200000,2],
[1322805600000,0],
[1322892000000,0],
[1322978400000,0],
[1323064800000,0],
[1323151200000,0],
[1323237600000,0],
[1323324000000,0],
[1323410400000,0],
[1323496800000,0],
[1323583200000,0],
[1323669600000,0],
[1323756000000,0],
[1323842400000,0],
[1323928800000,0],
[1324015200000,0],
[1324101600000,0],
[1324188000000,0],
[1324274400000,0],
[1324360800000,1],
[1324447200000,3],
[1324533600000,1],
[1324620000000,0],
[1324706400000,0],
[1324792800000,0],
[1324879200000,0],
[1324965600000,0],
[1325052000000,0],
[1325138400000,0],
[1325224800000,0],
[1325311200000,0],
[1325397600000,0],
[1325484000000,0],
[1325570400000,0],
[1325656800000,1],
[1325743200000,4],
[1325829600000,3],
[1325916000000,0],
[1326002400000,0],
[1326088800000,4],
[1326175200000,1],
[1326261600000,0],
[1326348000000,0],
[1326434400000,2],
[1326520800000,0],
[1326607200000,0],
[1326693600000,2],
[1326780000000,3],
[1326866400000,0],
[1326952800000,0],
[1327039200000,1],
[1327125600000,0],
[1327212000000,0],
[1327298400000,0],
[1327384800000,0],
[1327471200000,0],
[1327557600000,0],
[1327644000000,1],
[1327730400000,0],
[1327816800000,0],
[1327903200000,0],
[1327989600000,0],
[1328076000000,1],
[1328162400000,0],
[1328248800000,0],
[1328335200000,0],
[1328421600000,0],
[1328508000000,0],
[1328594400000,1],
[1328680800000,0],
[1328767200000,1],
[1328853600000,0],
[1328940000000,0],
[1329026400000,0],
[1329112800000,0],
[1329199200000,0],
[1329285600000,0],
[1329372000000,0],
[1329458400000,2],
[1329544800000,0],
[1329631200000,0],
[1329717600000,4],
[1329804000000,0],
[1329890400000,0],
[1329976800000,1],
[1330063200000,0],
[1330149600000,0],
[1330236000000,0],
[1330322400000,0],
[1330408800000,2],
[1330495200000,2],
[1330581600000,0],
[1330668000000,2],
[1330754400000,0],
[1330840800000,0],
[1330927200000,5],
[1331013600000,0],
[1331100000000,0],
[1331186400000,0],
[1331272800000,0],
[1331359200000,0],
[1331445600000,0],
[1331528400000,0],
[1331614800000,0],
[1331701200000,0],
[1331787600000,14],
[1331874000000,0],
[1331960400000,0],
[1332046800000,0],
[1332133200000,0],
[1332219600000,1],
[1332306000000,0],
[1332392400000,0],
[1332478800000,0],
[1332565200000,0],
[1332651600000,0],
[1332738000000,1],
[1332824400000,0],
[1332910800000,0],
[1332997200000,0],
[1333083600000,7],
[1333170000000,0],
[1333256400000,0],
[1333342800000,0],
[1333429200000,1],
[1333515600000,0],
[1333602000000,1],
[1333688400000,0],
[1333774800000,0],
[1333861200000,0],
[1333947600000,0],
[1334034000000,0],
[1334120400000,0],
[1334206800000,1],
[1334293200000,0],
[1334379600000,0],
[1334466000000,0],
[1334552400000,0],
[1334638800000,0],
[1334725200000,0],
[1334811600000,0],
[1334898000000,0],
[1334984400000,0],
[1335070800000,0],
[1335157200000,1],
[1335243600000,0],
[1335330000000,0],
[1335416400000,0],
[1335502800000,0],
[1335589200000,0],
[1335675600000,0],
[1335762000000,0],
[1335848400000,1],
[1335934800000,1],
[1336021200000,2],
[1336107600000,0],
[1336194000000,0],
[1336280400000,0],
[1336366800000,1],
[1336453200000,0],
[1336539600000,0],
[1336626000000,0],
[1336712400000,1],
[1336798800000,0],
[1336885200000,0],
[1336971600000,2],
[1337058000000,0],
[1337144400000,0],
[1337230800000,1],
[1337317200000,0],
[1337403600000,0],
[1337490000000,0],
[1337576400000,0],
[1337662800000,0],
[1337749200000,0],
[1337835600000,0],
[1337922000000,0],
[1338008400000,0],
[1338094800000,0],
[1338181200000,1],
[1338267600000,0],
[1338354000000,0],
[1338440400000,0],
[1338526800000,0],
[1338613200000,0],
[1338699600000,0],
[1338786000000,0],
[1338872400000,1],
[1338958800000,0],
[1339045200000,1],
[1339131600000,0],
[1339218000000,0],
[1339304400000,0],
[1339390800000,1],
[1339477200000,0],
[1339563600000,0],
[1339650000000,0],
[1339736400000,0],
[1339822800000,0],
[1339909200000,0],
[1339995600000,0],
[1340082000000,0],
[1340168400000,0],
[1340254800000,1],
[1340341200000,2],
[1340427600000,1],
[1340514000000,0],
[1340600400000,1],
[1340686800000,1],
[1340773200000,0],
[1340859600000,0],
[1340946000000,1],
[1341032400000,0],
[1341118800000,0],
[1341205200000,2],
[1341291600000,0],
[1341378000000,0],
[1341464400000,0],
[1341550800000,0],
[1341637200000,0],
[1341723600000,0],
[1341810000000,0],
[1341896400000,0],
[1341982800000,0],
[1342069200000,0],
[1342155600000,0],
[1342242000000,0],
[1342328400000,0],
[1342414800000,0],
[1342501200000,0],
[1342587600000,0],
[1342674000000,1],
[1342760400000,0],
[1342846800000,0],
[1342933200000,0],
[1343019600000,0],
[1343106000000,1],
[1343192400000,0],
[1343278800000,0],
[1343365200000,0],
[1343451600000,1],
[1343538000000,0],
[1343624400000,2],
[1343710800000,4],
[1343797200000,1],
[1343883600000,2],
[1343970000000,1],
[1344056400000,1],
[1344142800000,0],
[1344229200000,0],
[1344315600000,0],
[1344402000000,0],
[1344488400000,1],
[1344574800000,0],
[1344661200000,1],
[1344747600000,0],
[1344834000000,1],
[1344920400000,2],
[1345006800000,1],
[1345093200000,0],
[1345179600000,0],
[1345266000000,0],
[1345352400000,0],
[1345438800000,0],
[1345525200000,1],
[1345611600000,0],
[1345698000000,1],
[1345784400000,0],
[1345870800000,0],
[1345957200000,0],
[1346043600000,0],
[1346130000000,0],
[1346216400000,0],
[1346302800000,0],
[1346389200000,1],
[1346475600000,0],
[1346562000000,0],
[1346648400000,0],
[1346734800000,0],
[1346821200000,0],
[1346907600000,1],
[1346994000000,0],
[1347080400000,0],
[1347166800000,0],
[1347253200000,0],
[1347339600000,2],
[1347426000000,0],
[1347512400000,0],
[1347598800000,0],
[1347685200000,0],
[1347771600000,0],
[1347858000000,1],
[1347944400000,0],
[1348030800000,0],
[1348117200000,0],
[1348203600000,0],
[1348290000000,0],
[1348376400000,0],
[1348462800000,0],
[1348549200000,0],
[1348635600000,0],
[1348722000000,0],
[1348808400000,0],
[1348894800000,0],
[1348981200000,0],
[1349067600000,1],
[1349154000000,0],
[1349240400000,1],
[1349326800000,0],
[1349413200000,0],
[1349499600000,0],
[1349586000000,0],
[1349672400000,1],
[1349758800000,0],
[1349845200000,0],
[1349931600000,2],
[1350018000000,0],
[1350104400000,0],
[1350190800000,0],
[1350277200000,0],
[1350363600000,0],
[1350450000000,0],
[1350536400000,0],
[1350622800000,0],
[1350709200000,0],
[1350795600000,0],
[1350882000000,0],
[1350968400000,0],
[1351054800000,0],
[1351141200000,2],
[1351227600000,0],
[1351314000000,0],
[1351400400000,0],
[1351486800000,0],
[1351573200000,0],
[1351659600000,2],
[1351746000000,0],
[1351832400000,0],
[1351918800000,0],
[1352005200000,0],
[1352095200000,0],
[1352181600000,0],
[1352268000000,2],
[1352354400000,9],
[1352440800000,1],
[1352527200000,0],
[1352613600000,0],
[1352700000000,0],
[1352786400000,0],
[1352872800000,0],
[1352959200000,1],
[1353045600000,3],
[1353132000000,0],
[1353218400000,0],
[1353304800000,1],
[1353391200000,0],
[1353477600000,0],
[1353564000000,1],
[1353650400000,0],
[1353736800000,0],
[1353823200000,0],
[1353909600000,0],
[1353996000000,0],
[1354082400000,0],
[1354168800000,0],
[1354255200000,5],
[1354341600000,0],
[1354428000000,0],
[1354514400000,2],
[1354600800000,0],
[1354687200000,0],
[1354773600000,0],
[1354860000000,0],
[1354946400000,0],
[1355032800000,0],
[1355119200000,3],
[1355205600000,0],
[1355292000000,0],
[1355378400000,0],
[1355464800000,1],
[1355551200000,0],
[1355637600000,0],
[1355724000000,0],
[1355810400000,0],
[1355896800000,1],
[1355983200000,0],
[1356069600000,0],
[1356156000000,1],
[1356242400000,0],
[1356328800000,0],
[1356415200000,0],
[1356501600000,0],
[1356588000000,1],
[1356674400000,0],
[1356760800000,0],
[1356847200000,0],
[1356933600000,0],
[1357020000000,0],
[1357106400000,0],
[1357192800000,0],
[1357279200000,0],
[1357365600000,0],
[1357452000000,0],
[1357538400000,0],
[1357624800000,0],
[1357711200000,0],
[1357797600000,0],
[1357884000000,1],
[1357970400000,3],
[1358056800000,0],
[1358143200000,4],
[1358229600000,0],
[1358316000000,0],
[1358402400000,0],
[1358488800000,0],
[1358575200000,0],
[1358661600000,0],
[1358748000000,0],
[1358834400000,0],
[1358920800000,0],
[1359007200000,0],
[1359093600000,0],
[1359180000000,0],
[1359266400000,0],
[1359352800000,0],
[1359439200000,0],
[1359525600000,0],
[1359612000000,0],
[1359698400000,0],
[1359784800000,0],
[1359871200000,0],
[1359957600000,0],
[1360044000000,0],
[1360130400000,0],
[1360216800000,2],
[1360303200000,0],
[1360389600000,0],
[1360476000000,0],
[1360562400000,0],
[1360648800000,1],
[1360735200000,0],
[1360821600000,0],
[1360908000000,0],
[1360994400000,0],
[1361080800000,0],
[1361167200000,0],
[1361253600000,0],
[1361340000000,0],
[1361426400000,0],
[1361512800000,1],
[1361599200000,0],
[1361685600000,0],
[1361772000000,0],
[1361858400000,0],
[1361944800000,1],
[1362031200000,0]
]
