[
[1319086800000,0],
[1319173200000,0],
[1319259600000,0],
[1319346000000,13],
[1319432400000,18],
[1319518800000,13],
[1319605200000,21],
[1319691600000,12],
[1319778000000,19],
[1319864400000,7],
[1319950800000,0],
[1320037200000,13],
[1320123600000,12],
[1320210000000,14],
[1320296400000,11],
[1320382800000,35],
[1320469200000,6],
[1320555600000,3],
[1320645600000,13],
[1320732000000,21],
[1320818400000,24],
[1320904800000,110],
[1320991200000,33],
[1321077600000,13],
[1321164000000,7],
[1321250400000,16],
[1321336800000,24],
[1321423200000,29],
[1321509600000,35],
[1321596000000,14],
[1321682400000,5],
[1321768800000,3],
[1321855200000,45],
[1321941600000,8],
[1322028000000,329],
[1322114400000,120],
[1322200800000,32],
[1322287200000,12],
[1322373600000,11],
[1322460000000,97],
[1322546400000,27],
[1322632800000,21],
[1322719200000,21],
[1322805600000,14],
[1322892000000,1],
[1322978400000,9],
[1323064800000,30],
[1323151200000,19],
[1323237600000,33],
[1323324000000,35],
[1323410400000,37],
[1323496800000,4],
[1323583200000,9],
[1323669600000,75],
[1323756000000,113],
[1323842400000,91],
[1323928800000,41],
[1324015200000,27],
[1324101600000,1],
[1324188000000,1],
[1324274400000,65],
[1324360800000,31],
[1324447200000,48],
[1324533600000,19],
[1324620000000,12],
[1324706400000,5],
[1324792800000,5],
[1324879200000,6],
[1324965600000,15],
[1325052000000,34],
[1325138400000,14],
[1325224800000,14],
[1325311200000,6],
[1325397600000,9],
[1325484000000,25],
[1325570400000,9],
[1325656800000,4],
[1325743200000,13],
[1325829600000,25],
[1325916000000,4],
[1326002400000,2],
[1326088800000,5],
[1326175200000,134],
[1326261600000,43],
[1326348000000,14],
[1326434400000,9],
[1326520800000,6],
[1326607200000,1],
[1326693600000,7],
[1326780000000,28],
[1326866400000,15],
[1326952800000,15],
[1327039200000,22],
[1327125600000,2],
[1327212000000,15],
[1327298400000,171],
[1327384800000,266],
[1327471200000,101],
[1327557600000,35],
[1327644000000,11],
[1327730400000,8],
[1327816800000,22],
[1327903200000,76],
[1327989600000,41],
[1328076000000,24],
[1328162400000,89],
[1328248800000,18],
[1328335200000,9],
[1328421600000,5],
[1328508000000,21],
[1328594400000,17],
[1328680800000,34],
[1328767200000,24],
[1328853600000,51],
[1328940000000,3],
[1329026400000,5],
[1329112800000,31],
[1329199200000,11],
[1329285600000,16],
[1329372000000,13],
[1329458400000,13],
[1329544800000,6],
[1329631200000,3],
[1329717600000,3],
[1329804000000,41],
[1329890400000,10],
[1329976800000,8],
[1330063200000,10],
[1330149600000,7],
[1330236000000,11],
[1330322400000,30],
[1330408800000,47],
[1330495200000,31],
[1330581600000,15],
[1330668000000,5],
[1330754400000,2],
[1330840800000,1],
[1330927200000,11],
[1331013600000,27],
[1331100000000,41],
[1331186400000,10],
[1331272800000,11],
[1331359200000,16],
[1331445600000,9],
[1331528400000,18],
[1331614800000,9],
[1331701200000,8],
[1331787600000,81],
[1331874000000,12],
[1331960400000,0],
[1332046800000,16],
[1332133200000,9],
[1332219600000,18],
[1332306000000,9],
[1332392400000,37],
[1332478800000,16],
[1332565200000,5],
[1332651600000,3],
[1332738000000,23],
[1332824400000,16],
[1332910800000,9],
[1332997200000,46],
[1333083600000,20],
[1333170000000,6],
[1333256400000,1],
[1333342800000,3],
[1333429200000,11],
[1333515600000,7],
[1333602000000,2],
[1333688400000,2],
[1333774800000,0],
[1333861200000,3],
[1333947600000,8],
[1334034000000,11],
[1334120400000,18],
[1334206800000,10],
[1334293200000,15],
[1334379600000,2],
[1334466000000,0],
[1334552400000,13],
[1334638800000,12],
[1334725200000,26],
[1334811600000,51],
[1334898000000,17],
[1334984400000,6],
[1335070800000,3],
[1335157200000,24],
[1335243600000,17],
[1335330000000,87],
[1335416400000,34],
[1335502800000,12],
[1335589200000,9],
[1335675600000,4],
[1335762000000,16],
[1335848400000,17],
[1335934800000,12],
[1336021200000,14],
[1336107600000,11],
[1336194000000,4],
[1336280400000,7],
[1336366800000,28],
[1336453200000,72],
[1336539600000,17],
[1336626000000,10],
[1336712400000,16],
[1336798800000,5],
[1336885200000,2],
[1336971600000,26],
[1337058000000,14],
[1337144400000,22],
[1337230800000,10],
[1337317200000,4],
[1337403600000,3],
[1337490000000,3],
[1337576400000,14],
[1337662800000,8],
[1337749200000,15],
[1337835600000,38],
[1337922000000,16],
[1338008400000,6],
[1338094800000,2],
[1338181200000,9],
[1338267600000,15],
[1338354000000,15],
[1338440400000,17],
[1338526800000,17],
[1338613200000,14],
[1338699600000,5],
[1338786000000,30],
[1338872400000,33],
[1338958800000,37],
[1339045200000,14],
[1339131600000,13],
[1339218000000,5],
[1339304400000,6],
[1339390800000,17],
[1339477200000,22],
[1339563600000,44],
[1339650000000,35],
[1339736400000,41],
[1339822800000,14],
[1339909200000,3],
[1339995600000,65],
[1340082000000,21],
[1340168400000,28],
[1340254800000,45],
[1340341200000,21],
[1340427600000,24],
[1340514000000,6],
[1340600400000,17],
[1340686800000,24],
[1340773200000,30],
[1340859600000,20],
[1340946000000,30],
[1341032400000,5],
[1341118800000,8],
[1341205200000,21],
[1341291600000,22],
[1341378000000,13],
[1341464400000,25],
[1341550800000,24],
[1341637200000,21],
[1341723600000,9],
[1341810000000,23],
[1341896400000,60],
[1341982800000,26],
[1342069200000,26],
[1342155600000,18],
[1342242000000,4],
[1342328400000,5],
[1342414800000,15],
[1342501200000,45],
[1342587600000,36],
[1342674000000,44],
[1342760400000,22],
[1342846800000,8],
[1342933200000,9],
[1343019600000,29],
[1343106000000,23],
[1343192400000,69],
[1343278800000,202],
[1343365200000,46],
[1343451600000,4],
[1343538000000,5],
[1343624400000,28],
[1343710800000,26],
[1343797200000,39],
[1343883600000,22],
[1343970000000,46],
[1344056400000,9],
[1344142800000,11],
[1344229200000,20],
[1344315600000,29],
[1344402000000,26],
[1344488400000,30],
[1344574800000,10],
[1344661200000,4],
[1344747600000,3],
[1344834000000,25],
[1344920400000,29],
[1345006800000,24],
[1345093200000,16],
[1345179600000,16],
[1345266000000,5],
[1345352400000,1],
[1345438800000,27],
[1345525200000,85],
[1345611600000,46],
[1345698000000,24],
[1345784400000,14],
[1345870800000,7],
[1345957200000,7],
[1346043600000,30],
[1346130000000,49],
[1346216400000,65],
[1346302800000,32],
[1346389200000,35],
[1346475600000,21],
[1346562000000,10],
[1346648400000,28],
[1346734800000,36],
[1346821200000,37],
[1346907600000,30],
[1346994000000,22],
[1347080400000,2],
[1347166800000,2],
[1347253200000,31],
[1347339600000,58],
[1347426000000,56],
[1347512400000,47],
[1347598800000,31],
[1347685200000,5],
[1347771600000,7],
[1347858000000,21],
[1347944400000,41],
[1348030800000,46],
[1348117200000,45],
[1348203600000,23],
[1348290000000,38],
[1348376400000,167],
[1348462800000,101],
[1348549200000,35],
[1348635600000,18],
[1348722000000,34],
[1348808400000,52],
[1348894800000,5],
[1348981200000,8],
[1349067600000,40],
[1349154000000,36],
[1349240400000,26],
[1349326800000,30],
[1349413200000,10],
[1349499600000,2],
[1349586000000,2],
[1349672400000,46],
[1349758800000,41],
[1349845200000,60],
[1349931600000,125],
[1350018000000,25],
[1350104400000,4],
[1350190800000,11],
[1350277200000,28],
[1350363600000,26],
[1350450000000,32],
[1350536400000,66],
[1350622800000,59],
[1350709200000,16],
[1350795600000,10],
[1350882000000,90],
[1350968400000,37],
[1351054800000,28],
[1351141200000,39],
[1351227600000,29],
[1351314000000,5],
[1351400400000,4],
[1351486800000,21],
[1351573200000,21],
[1351659600000,28],
[1351746000000,19],
[1351832400000,22],
[1351918800000,2],
[1352005200000,22],
[1352095200000,40],
[1352181600000,36],
[1352268000000,59],
[1352354400000,230],
[1352440800000,45],
[1352527200000,6],
[1352613600000,19],
[1352700000000,23],
[1352786400000,37],
[1352872800000,34],
[1352959200000,56],
[1353045600000,59],
[1353132000000,21],
[1353218400000,6],
[1353304800000,38],
[1353391200000,34],
[1353477600000,35],
[1353564000000,26],
[1353650400000,33],
[1353736800000,8],
[1353823200000,9],
[1353909600000,43],
[1353996000000,26],
[1354082400000,99],
[1354168800000,129],
[1354255200000,97],
[1354341600000,9],
[1354428000000,14],
[1354514400000,77],
[1354600800000,119],
[1354687200000,43],
[1354773600000,42],
[1354860000000,37],
[1354946400000,11],
[1355032800000,14],
[1355119200000,48],
[1355205600000,70],
[1355292000000,27],
[1355378400000,42],
[1355464800000,37],
[1355551200000,6],
[1355637600000,5],
[1355724000000,26],
[1355810400000,14],
[1355896800000,23],
[1355983200000,42],
[1356069600000,30],
[1356156000000,4],
[1356242400000,4],
[1356328800000,23],
[1356415200000,11],
[1356501600000,15],
[1356588000000,16],
[1356674400000,18],
[1356760800000,6],
[1356847200000,3],
[1356933600000,15],
[1357020000000,1],
[1357106400000,16],
[1357192800000,17],
[1357279200000,12],
[1357365600000,5],
[1357452000000,2],
[1357538400000,8],
[1357624800000,18],
[1357711200000,13],
[1357797600000,25],
[1357884000000,36],
[1357970400000,15],
[1358056800000,10],
[1358143200000,12],
[1358229600000,13],
[1358316000000,25],
[1358402400000,15],
[1358488800000,15],
[1358575200000,8],
[1358661600000,18],
[1358748000000,70],
[1358834400000,17],
[1358920800000,56],
[1359007200000,59],
[1359093600000,33],
[1359180000000,14],
[1359266400000,11],
[1359352800000,58],
[1359439200000,34],
[1359525600000,20],
[1359612000000,25],
[1359698400000,11],
[1359784800000,4],
[1359871200000,6],
[1359957600000,17],
[1360044000000,18],
[1360130400000,17],
[1360216800000,21],
[1360303200000,20],
[1360389600000,3],
[1360476000000,11],
[1360562400000,33],
[1360648800000,25],
[1360735200000,42],
[1360821600000,18],
[1360908000000,26],
[1360994400000,16],
[1361080800000,3],
[1361167200000,8],
[1361253600000,39],
[1361340000000,38],
[1361426400000,15],
[1361512800000,54],
[1361599200000,8],
[1361685600000,10],
[1361772000000,34],
[1361858400000,26],
[1361944800000,16],
[1362031200000,18]
]
